		;∏◊›∏Å®ÿ›∏(360¥›∫)		
	.DATA.W		3246	;	0	0.0
	.DATA.W		3247	;	1	0.1
	.DATA.W		3247	;	2	0.2
	.DATA.W		3248	;	3	0.3
	.DATA.W		3249	;	4	0.4
	.DATA.W		3249	;	5	0.5
	.DATA.W		3250	;	6	0.6
	.DATA.W		3251	;	7	0.7
	.DATA.W		3251	;	8	0.8
	.DATA.W		3252	;	9	0.9
	.DATA.W		3253	;	10	1.0
	.DATA.W		3253	;	11	1.1
	.DATA.W		3254	;	12	1.2
	.DATA.W		3255	;	13	1.3
	.DATA.W		3255	;	14	1.4
	.DATA.W		3256	;	15	1.5
	.DATA.W		3257	;	16	1.6
	.DATA.W		3257	;	17	1.7
	.DATA.W		3258	;	18	1.8
	.DATA.W		3259	;	19	1.9
	.DATA.W		3259	;	20	2.0
	.DATA.W		3260	;	21	2.1
	.DATA.W		3261	;	22	2.2
	.DATA.W		3261	;	23	2.3
	.DATA.W		3262	;	24	2.4
	.DATA.W		3263	;	25	2.5
	.DATA.W		3263	;	26	2.6
	.DATA.W		3264	;	27	2.7
	.DATA.W		3265	;	28	2.8
	.DATA.W		3265	;	29	2.9
	.DATA.W		3266	;	30	3.0
	.DATA.W		3267	;	31	3.1
	.DATA.W		3267	;	32	3.2
	.DATA.W		3268	;	33	3.3
	.DATA.W		3269	;	34	3.4
	.DATA.W		3269	;	35	3.5
	.DATA.W		3270	;	36	3.6
	.DATA.W		3271	;	37	3.7
	.DATA.W		3271	;	38	3.8
	.DATA.W		3272	;	39	3.9
	.DATA.W		3273	;	40	4.0
	.DATA.W		3273	;	41	4.1
	.DATA.W		3274	;	42	4.2
	.DATA.W		3275	;	43	4.3
	.DATA.W		3275	;	44	4.4
	.DATA.W		3276	;	45	4.5
	.DATA.W		3277	;	46	4.6
	.DATA.W		3277	;	47	4.7
	.DATA.W		3278	;	48	4.8
	.DATA.W		3279	;	49	4.9
	.DATA.W		3279	;	50	5.0
	.DATA.W		3280	;	51	5.1
	.DATA.W		3281	;	52	5.2
	.DATA.W		3281	;	53	5.3
	.DATA.W		3282	;	54	5.4
	.DATA.W		3283	;	55	5.5
	.DATA.W		3283	;	56	5.6
	.DATA.W		3284	;	57	5.7
	.DATA.W		3285	;	58	5.8
	.DATA.W		3285	;	59	5.9
	.DATA.W		3286	;	60	6.0
	.DATA.W		3287	;	61	6.1
	.DATA.W		3287	;	62	6.2
	.DATA.W		3288	;	63	6.3
	.DATA.W		3289	;	64	6.4
	.DATA.W		3290	;	65	6.5
	.DATA.W		3290	;	66	6.6
	.DATA.W		3291	;	67	6.7
	.DATA.W		3292	;	68	6.8
	.DATA.W		3292	;	69	6.9
	.DATA.W		3293	;	70	7.0
	.DATA.W		3294	;	71	7.1
	.DATA.W		3294	;	72	7.2
	.DATA.W		3295	;	73	7.3
	.DATA.W		3296	;	74	7.4
	.DATA.W		3296	;	75	7.5
	.DATA.W		3297	;	76	7.6
	.DATA.W		3298	;	77	7.7
	.DATA.W		3298	;	78	7.8
	.DATA.W		3299	;	79	7.9
	.DATA.W		3300	;	80	8.0
	.DATA.W		3300	;	81	8.1
	.DATA.W		3301	;	82	8.2
	.DATA.W		3302	;	83	8.3
	.DATA.W		3302	;	84	8.4
	.DATA.W		3303	;	85	8.5
	.DATA.W		3304	;	86	8.6
	.DATA.W		3304	;	87	8.7
	.DATA.W		3305	;	88	8.8
	.DATA.W		3306	;	89	8.9
	.DATA.W		3306	;	90	9.0
	.DATA.W		3307	;	91	9.1
	.DATA.W		3308	;	92	9.2
	.DATA.W		3308	;	93	9.3
	.DATA.W		3309	;	94	9.4
	.DATA.W		3310	;	95	9.5
	.DATA.W		3310	;	96	9.6
	.DATA.W		3311	;	97	9.7
	.DATA.W		3312	;	98	9.8
	.DATA.W		3312	;	99	9.9
	.DATA.W		3313	;	100	10.0
	.DATA.W		3314	;	101	10.1
	.DATA.W		3315	;	102	10.2
	.DATA.W		3315	;	103	10.3
	.DATA.W		3316	;	104	10.4
	.DATA.W		3317	;	105	10.5
	.DATA.W		3317	;	106	10.6
	.DATA.W		3318	;	107	10.7
	.DATA.W		3319	;	108	10.8
	.DATA.W		3319	;	109	10.9
	.DATA.W		3320	;	110	11.0
	.DATA.W		3321	;	111	11.1
	.DATA.W		3321	;	112	11.2
	.DATA.W		3322	;	113	11.3
	.DATA.W		3323	;	114	11.4
	.DATA.W		3323	;	115	11.5
	.DATA.W		3324	;	116	11.6
	.DATA.W		3325	;	117	11.7
	.DATA.W		3325	;	118	11.8
	.DATA.W		3326	;	119	11.9
	.DATA.W		3327	;	120	12.0
	.DATA.W		3327	;	121	12.1
	.DATA.W		3328	;	122	12.2
	.DATA.W		3329	;	123	12.3
	.DATA.W		3329	;	124	12.4
	.DATA.W		3330	;	125	12.5
	.DATA.W		3331	;	126	12.6
	.DATA.W		3332	;	127	12.7
	.DATA.W		3332	;	128	12.8
	.DATA.W		3333	;	129	12.9
	.DATA.W		3334	;	130	13.0
	.DATA.W		3334	;	131	13.1
	.DATA.W		3335	;	132	13.2
	.DATA.W		3336	;	133	13.3
	.DATA.W		3336	;	134	13.4
	.DATA.W		3337	;	135	13.5
	.DATA.W		3338	;	136	13.6
	.DATA.W		3338	;	137	13.7
	.DATA.W		3339	;	138	13.8
	.DATA.W		3340	;	139	13.9
	.DATA.W		3340	;	140	14.0
	.DATA.W		3341	;	141	14.1
	.DATA.W		3342	;	142	14.2
	.DATA.W		3342	;	143	14.3
	.DATA.W		3343	;	144	14.4
	.DATA.W		3344	;	145	14.5
	.DATA.W		3345	;	146	14.6
	.DATA.W		3345	;	147	14.7
	.DATA.W		3346	;	148	14.8
	.DATA.W		3347	;	149	14.9
	.DATA.W		3347	;	150	15.0
	.DATA.W		3348	;	151	15.1
	.DATA.W		3349	;	152	15.2
	.DATA.W		3349	;	153	15.3
	.DATA.W		3350	;	154	15.4
	.DATA.W		3351	;	155	15.5
	.DATA.W		3351	;	156	15.6
	.DATA.W		3352	;	157	15.7
	.DATA.W		3353	;	158	15.8
	.DATA.W		3353	;	159	15.9
	.DATA.W		3354	;	160	16.0
	.DATA.W		3355	;	161	16.1
	.DATA.W		3355	;	162	16.2
	.DATA.W		3356	;	163	16.3
	.DATA.W		3357	;	164	16.4
	.DATA.W		3358	;	165	16.5
	.DATA.W		3358	;	166	16.6
	.DATA.W		3359	;	167	16.7
	.DATA.W		3360	;	168	16.8
	.DATA.W		3360	;	169	16.9
	.DATA.W		3361	;	170	17.0
	.DATA.W		3362	;	171	17.1
	.DATA.W		3362	;	172	17.2
	.DATA.W		3363	;	173	17.3
	.DATA.W		3364	;	174	17.4
	.DATA.W		3364	;	175	17.5
	.DATA.W		3365	;	176	17.6
	.DATA.W		3366	;	177	17.7
	.DATA.W		3366	;	178	17.8
	.DATA.W		3367	;	179	17.9
	.DATA.W		3368	;	180	18.0
	.DATA.W		3369	;	181	18.1
	.DATA.W		3369	;	182	18.2
	.DATA.W		3370	;	183	18.3
	.DATA.W		3371	;	184	18.4
	.DATA.W		3371	;	185	18.5
	.DATA.W		3372	;	186	18.6
	.DATA.W		3373	;	187	18.7
	.DATA.W		3373	;	188	18.8
	.DATA.W		3374	;	189	18.9
	.DATA.W		3375	;	190	19.0
	.DATA.W		3375	;	191	19.1
	.DATA.W		3376	;	192	19.2
	.DATA.W		3377	;	193	19.3
	.DATA.W		3378	;	194	19.4
	.DATA.W		3378	;	195	19.5
	.DATA.W		3379	;	196	19.6
	.DATA.W		3380	;	197	19.7
	.DATA.W		3380	;	198	19.8
	.DATA.W		3381	;	199	19.9
	.DATA.W		3382	;	200	20.0
	.DATA.W		3382	;	201	20.1
	.DATA.W		3383	;	202	20.2
	.DATA.W		3384	;	203	20.3
	.DATA.W		3384	;	204	20.4
	.DATA.W		3385	;	205	20.5
	.DATA.W		3386	;	206	20.6
	.DATA.W		3387	;	207	20.7
	.DATA.W		3387	;	208	20.8
	.DATA.W		3388	;	209	20.9
	.DATA.W		3389	;	210	21.0
	.DATA.W		3389	;	211	21.1
	.DATA.W		3390	;	212	21.2
	.DATA.W		3391	;	213	21.3
	.DATA.W		3391	;	214	21.4
	.DATA.W		3392	;	215	21.5
	.DATA.W		3393	;	216	21.6
	.DATA.W		3394	;	217	21.7
	.DATA.W		3394	;	218	21.8
	.DATA.W		3395	;	219	21.9
	.DATA.W		3396	;	220	22.0
	.DATA.W		3396	;	221	22.1
	.DATA.W		3397	;	222	22.2
	.DATA.W		3398	;	223	22.3
	.DATA.W		3398	;	224	22.4
	.DATA.W		3399	;	225	22.5
	.DATA.W		3400	;	226	22.6
	.DATA.W		3400	;	227	22.7
	.DATA.W		3401	;	228	22.8
	.DATA.W		3402	;	229	22.9
	.DATA.W		3403	;	230	23.0
	.DATA.W		3403	;	231	23.1
	.DATA.W		3404	;	232	23.2
	.DATA.W		3405	;	233	23.3
	.DATA.W		3405	;	234	23.4
	.DATA.W		3406	;	235	23.5
	.DATA.W		3407	;	236	23.6
	.DATA.W		3407	;	237	23.7
	.DATA.W		3408	;	238	23.8
	.DATA.W		3409	;	239	23.9
	.DATA.W		3410	;	240	24.0
	.DATA.W		3410	;	241	24.1
	.DATA.W		3411	;	242	24.2
	.DATA.W		3412	;	243	24.3
	.DATA.W		3412	;	244	24.4
	.DATA.W		3413	;	245	24.5
	.DATA.W		3414	;	246	24.6
	.DATA.W		3414	;	247	24.7
	.DATA.W		3415	;	248	24.8
	.DATA.W		3416	;	249	24.9
	.DATA.W		3417	;	250	25.0
	.DATA.W		3417	;	251	25.1
	.DATA.W		3418	;	252	25.2
	.DATA.W		3419	;	253	25.3
	.DATA.W		3419	;	254	25.4
	.DATA.W		3420	;	255	25.5
	.DATA.W		3421	;	256	25.6
	.DATA.W		3422	;	257	25.7
	.DATA.W		3422	;	258	25.8
	.DATA.W		3423	;	259	25.9
	.DATA.W		3424	;	260	26.0
	.DATA.W		3424	;	261	26.1
	.DATA.W		3425	;	262	26.2
	.DATA.W		3426	;	263	26.3
	.DATA.W		3426	;	264	26.4
	.DATA.W		3427	;	265	26.5
	.DATA.W		3428	;	266	26.6
	.DATA.W		3429	;	267	26.7
	.DATA.W		3429	;	268	26.8
	.DATA.W		3430	;	269	26.9
	.DATA.W		3431	;	270	27.0
	.DATA.W		3431	;	271	27.1
	.DATA.W		3432	;	272	27.2
	.DATA.W		3433	;	273	27.3
	.DATA.W		3434	;	274	27.4
	.DATA.W		3434	;	275	27.5
	.DATA.W		3435	;	276	27.6
	.DATA.W		3436	;	277	27.7
	.DATA.W		3436	;	278	27.8
	.DATA.W		3437	;	279	27.9
	.DATA.W		3438	;	280	28.0
	.DATA.W		3438	;	281	28.1
	.DATA.W		3439	;	282	28.2
	.DATA.W		3440	;	283	28.3
	.DATA.W		3441	;	284	28.4
	.DATA.W		3441	;	285	28.5
	.DATA.W		3442	;	286	28.6
	.DATA.W		3443	;	287	28.7
	.DATA.W		3443	;	288	28.8
	.DATA.W		3444	;	289	28.9
	.DATA.W		3445	;	290	29.0
	.DATA.W		3446	;	291	29.1
	.DATA.W		3446	;	292	29.2
	.DATA.W		3447	;	293	29.3
	.DATA.W		3448	;	294	29.4
	.DATA.W		3448	;	295	29.5
	.DATA.W		3449	;	296	29.6
	.DATA.W		3450	;	297	29.7
	.DATA.W		3451	;	298	29.8
	.DATA.W		3451	;	299	29.9
	.DATA.W		3452	;	300	30.0
	.DATA.W		3453	;	301	30.1
	.DATA.W		3453	;	302	30.2
	.DATA.W		3454	;	303	30.3
	.DATA.W		3455	;	304	30.4
	.DATA.W		3456	;	305	30.5
	.DATA.W		3456	;	306	30.6
	.DATA.W		3457	;	307	30.7
	.DATA.W		3458	;	308	30.8
	.DATA.W		3458	;	309	30.9
	.DATA.W		3459	;	310	31.0
	.DATA.W		3460	;	311	31.1
	.DATA.W		3461	;	312	31.2
	.DATA.W		3461	;	313	31.3
	.DATA.W		3462	;	314	31.4
	.DATA.W		3463	;	315	31.5
	.DATA.W		3463	;	316	31.6
	.DATA.W		3464	;	317	31.7
	.DATA.W		3465	;	318	31.8
	.DATA.W		3466	;	319	31.9
	.DATA.W		3466	;	320	32.0
	.DATA.W		3467	;	321	32.1
	.DATA.W		3468	;	322	32.2
	.DATA.W		3468	;	323	32.3
	.DATA.W		3469	;	324	32.4
	.DATA.W		3470	;	325	32.5
	.DATA.W		3471	;	326	32.6
	.DATA.W		3471	;	327	32.7
	.DATA.W		3472	;	328	32.8
	.DATA.W		3473	;	329	32.9
	.DATA.W		3473	;	330	33.0
	.DATA.W		3474	;	331	33.1
	.DATA.W		3475	;	332	33.2
	.DATA.W		3476	;	333	33.3
	.DATA.W		3476	;	334	33.4
	.DATA.W		3477	;	335	33.5
	.DATA.W		3478	;	336	33.6
	.DATA.W		3478	;	337	33.7
	.DATA.W		3479	;	338	33.8
	.DATA.W		3480	;	339	33.9
	.DATA.W		3481	;	340	34.0
	.DATA.W		3481	;	341	34.1
	.DATA.W		3482	;	342	34.2
	.DATA.W		3483	;	343	34.3
	.DATA.W		3484	;	344	34.4
	.DATA.W		3484	;	345	34.5
	.DATA.W		3485	;	346	34.6
	.DATA.W		3486	;	347	34.7
	.DATA.W		3486	;	348	34.8
	.DATA.W		3487	;	349	34.9
	.DATA.W		3488	;	350	35.0
	.DATA.W		3489	;	351	35.1
	.DATA.W		3489	;	352	35.2
	.DATA.W		3490	;	353	35.3
	.DATA.W		3491	;	354	35.4
	.DATA.W		3491	;	355	35.5
	.DATA.W		3492	;	356	35.6
	.DATA.W		3493	;	357	35.7
	.DATA.W		3494	;	358	35.8
	.DATA.W		3494	;	359	35.9
	.DATA.W		3495	;	360	36.0
	.DATA.W		3496	;	361	36.1
	.DATA.W		3497	;	362	36.2
	.DATA.W		3497	;	363	36.3
	.DATA.W		3498	;	364	36.4
	.DATA.W		3499	;	365	36.5
	.DATA.W		3499	;	366	36.6
	.DATA.W		3500	;	367	36.7
	.DATA.W		3501	;	368	36.8
	.DATA.W		3502	;	369	36.9
	.DATA.W		3502	;	370	37.0
	.DATA.W		3503	;	371	37.1
	.DATA.W		3504	;	372	37.2
	.DATA.W		3505	;	373	37.3
	.DATA.W		3505	;	374	37.4
	.DATA.W		3506	;	375	37.5
	.DATA.W		3507	;	376	37.6
	.DATA.W		3507	;	377	37.7
	.DATA.W		3508	;	378	37.8
	.DATA.W		3509	;	379	37.9
	.DATA.W		3510	;	380	38.0
	.DATA.W		3510	;	381	38.1
	.DATA.W		3511	;	382	38.2
	.DATA.W		3512	;	383	38.3
	.DATA.W		3513	;	384	38.4
	.DATA.W		3513	;	385	38.5
	.DATA.W		3514	;	386	38.6
	.DATA.W		3515	;	387	38.7
	.DATA.W		3515	;	388	38.8
	.DATA.W		3516	;	389	38.9
	.DATA.W		3517	;	390	39.0
	.DATA.W		3518	;	391	39.1
	.DATA.W		3518	;	392	39.2
	.DATA.W		3519	;	393	39.3
	.DATA.W		3520	;	394	39.4
	.DATA.W		3521	;	395	39.5
	.DATA.W		3521	;	396	39.6
	.DATA.W		3522	;	397	39.7
	.DATA.W		3523	;	398	39.8
	.DATA.W		3524	;	399	39.9
	.DATA.W		3524	;	400	40.0
	.DATA.W		3525	;	401	40.1
	.DATA.W		3526	;	402	40.2
	.DATA.W		3526	;	403	40.3
	.DATA.W		3527	;	404	40.4
	.DATA.W		3528	;	405	40.5
	.DATA.W		3529	;	406	40.6
	.DATA.W		3529	;	407	40.7
	.DATA.W		3530	;	408	40.8
	.DATA.W		3531	;	409	40.9
	.DATA.W		3532	;	410	41.0
	.DATA.W		3532	;	411	41.1
	.DATA.W		3533	;	412	41.2
	.DATA.W		3534	;	413	41.3
	.DATA.W		3535	;	414	41.4
	.DATA.W		3535	;	415	41.5
	.DATA.W		3536	;	416	41.6
	.DATA.W		3537	;	417	41.7
	.DATA.W		3538	;	418	41.8
	.DATA.W		3538	;	419	41.9
	.DATA.W		3539	;	420	42.0
	.DATA.W		3540	;	421	42.1
	.DATA.W		3540	;	422	42.2
	.DATA.W		3541	;	423	42.3
	.DATA.W		3542	;	424	42.4
	.DATA.W		3543	;	425	42.5
	.DATA.W		3543	;	426	42.6
	.DATA.W		3544	;	427	42.7
	.DATA.W		3545	;	428	42.8
	.DATA.W		3546	;	429	42.9
	.DATA.W		3546	;	430	43.0
	.DATA.W		3547	;	431	43.1
	.DATA.W		3548	;	432	43.2
	.DATA.W		3549	;	433	43.3
	.DATA.W		3549	;	434	43.4
	.DATA.W		3550	;	435	43.5
	.DATA.W		3551	;	436	43.6
	.DATA.W		3552	;	437	43.7
	.DATA.W		3552	;	438	43.8
	.DATA.W		3553	;	439	43.9
	.DATA.W		3554	;	440	44.0
	.DATA.W		3555	;	441	44.1
	.DATA.W		3555	;	442	44.2
	.DATA.W		3556	;	443	44.3
	.DATA.W		3557	;	444	44.4
	.DATA.W		3558	;	445	44.5
	.DATA.W		3558	;	446	44.6
	.DATA.W		3559	;	447	44.7
	.DATA.W		3560	;	448	44.8
	.DATA.W		3561	;	449	44.9
	.DATA.W		3561	;	450	45.0
	.DATA.W		3562	;	451	45.1
	.DATA.W		3563	;	452	45.2
	.DATA.W		3564	;	453	45.3
	.DATA.W		3564	;	454	45.4
	.DATA.W		3565	;	455	45.5
	.DATA.W		3566	;	456	45.6
	.DATA.W		3567	;	457	45.7
	.DATA.W		3567	;	458	45.8
	.DATA.W		3568	;	459	45.9
	.DATA.W		3569	;	460	46.0
	.DATA.W		3570	;	461	46.1
	.DATA.W		3570	;	462	46.2
	.DATA.W		3571	;	463	46.3
	.DATA.W		3572	;	464	46.4
	.DATA.W		3573	;	465	46.5
	.DATA.W		3573	;	466	46.6
	.DATA.W		3574	;	467	46.7
	.DATA.W		3575	;	468	46.8
	.DATA.W		3576	;	469	46.9
	.DATA.W		3576	;	470	47.0
	.DATA.W		3577	;	471	47.1
	.DATA.W		3578	;	472	47.2
	.DATA.W		3579	;	473	47.3
	.DATA.W		3579	;	474	47.4
	.DATA.W		3580	;	475	47.5
	.DATA.W		3581	;	476	47.6
	.DATA.W		3582	;	477	47.7
	.DATA.W		3582	;	478	47.8
	.DATA.W		3583	;	479	47.9
	.DATA.W		3584	;	480	48.0
	.DATA.W		3585	;	481	48.1
	.DATA.W		3585	;	482	48.2
	.DATA.W		3586	;	483	48.3
	.DATA.W		3587	;	484	48.4
	.DATA.W		3588	;	485	48.5
	.DATA.W		3588	;	486	48.6
	.DATA.W		3589	;	487	48.7
	.DATA.W		3590	;	488	48.8
	.DATA.W		3591	;	489	48.9
	.DATA.W		3591	;	490	49.0
	.DATA.W		3592	;	491	49.1
	.DATA.W		3593	;	492	49.2
	.DATA.W		3594	;	493	49.3
	.DATA.W		3594	;	494	49.4
	.DATA.W		3595	;	495	49.5
	.DATA.W		3596	;	496	49.6
	.DATA.W		3597	;	497	49.7
	.DATA.W		3598	;	498	49.8
	.DATA.W		3598	;	499	49.9
	.DATA.W		3599	;	500	50.0
	.DATA.W		0	;	501	50.1 2006-06-10
	.DATA.W		1	;	502	50.2
	.DATA.W		1	;	503	50.3
	.DATA.W		2	;	504	50.4
	.DATA.W		3	;	505	50.5
	.DATA.W		4	;	506	50.6
	.DATA.W		4	;	507	50.7
	.DATA.W		5	;	508	50.8
	.DATA.W		6	;	509	50.9
	.DATA.W		7	;	510	51.0
	.DATA.W		7	;	511	51.1
	.DATA.W		8	;	512	51.2
	.DATA.W		9	;	513	51.3
	.DATA.W		10	;	514	51.4
	.DATA.W		10	;	515	51.5
	.DATA.W		11	;	516	51.6
	.DATA.W		12	;	517	51.7
	.DATA.W		13	;	518	51.8
	.DATA.W		14	;	519	51.9
	.DATA.W		14	;	520	52.0
	.DATA.W		15	;	521	52.1
	.DATA.W		16	;	522	52.2
	.DATA.W		17	;	523	52.3
	.DATA.W		17	;	524	52.4
	.DATA.W		18	;	525	52.5
	.DATA.W		19	;	526	52.6
	.DATA.W		20	;	527	52.7
	.DATA.W		20	;	528	52.8
	.DATA.W		21	;	529	52.9
	.DATA.W		22	;	530	53.0
	.DATA.W		23	;	531	53.1
	.DATA.W		24	;	532	53.2
	.DATA.W		24	;	533	53.3
	.DATA.W		25	;	534	53.4
	.DATA.W		26	;	535	53.5
	.DATA.W		27	;	536	53.6
	.DATA.W		27	;	537	53.7
	.DATA.W		28	;	538	53.8
	.DATA.W		29	;	539	53.9
	.DATA.W		30	;	540	54.0
	.DATA.W		31	;	541	54.1
	.DATA.W		31	;	542	54.2
	.DATA.W		32	;	543	54.3
	.DATA.W		33	;	544	54.4
	.DATA.W		34	;	545	54.5
	.DATA.W		34	;	546	54.6
	.DATA.W		35	;	547	54.7
	.DATA.W		36	;	548	54.8
	.DATA.W		37	;	549	54.9
	.DATA.W		37	;	550	55.0
	.DATA.W		38	;	551	55.1
	.DATA.W		39	;	552	55.2
	.DATA.W		40	;	553	55.3
	.DATA.W		41	;	554	55.4
	.DATA.W		41	;	555	55.5
	.DATA.W		42	;	556	55.6
	.DATA.W		43	;	557	55.7
	.DATA.W		44	;	558	55.8
	.DATA.W		44	;	559	55.9
	.DATA.W		45	;	560	56.0
	.DATA.W		46	;	561	56.1
	.DATA.W		47	;	562	56.2
	.DATA.W		48	;	563	56.3
	.DATA.W		48	;	564	56.4
	.DATA.W		49	;	565	56.5
	.DATA.W		50	;	566	56.6
	.DATA.W		51	;	567	56.7
	.DATA.W		52	;	568	56.8
	.DATA.W		52	;	569	56.9
	.DATA.W		53	;	570	57.0
	.DATA.W		54	;	571	57.1
	.DATA.W		55	;	572	57.2
	.DATA.W		55	;	573	57.3
	.DATA.W		56	;	574	57.4
	.DATA.W		57	;	575	57.5
	.DATA.W		58	;	576	57.6
	.DATA.W		59	;	577	57.7
	.DATA.W		59	;	578	57.8
	.DATA.W		60	;	579	57.9
	.DATA.W		61	;	580	58.0
	.DATA.W		62	;	581	58.1
	.DATA.W		63	;	582	58.2
	.DATA.W		63	;	583	58.3
	.DATA.W		64	;	584	58.4
	.DATA.W		65	;	585	58.5
	.DATA.W		66	;	586	58.6
	.DATA.W		66	;	587	58.7
	.DATA.W		67	;	588	58.8
	.DATA.W		68	;	589	58.9
	.DATA.W		69	;	590	59.0
	.DATA.W		70	;	591	59.1
	.DATA.W		70	;	592	59.2
	.DATA.W		71	;	593	59.3
	.DATA.W		72	;	594	59.4
	.DATA.W		73	;	595	59.5
	.DATA.W		74	;	596	59.6
	.DATA.W		74	;	597	59.7
	.DATA.W		75	;	598	59.8
	.DATA.W		76	;	599	59.9
	.DATA.W		77	;	600	60.0
	.DATA.W		78	;	601	60.1
	.DATA.W		78	;	602	60.2
	.DATA.W		79	;	603	60.3
	.DATA.W		80	;	604	60.4
	.DATA.W		81	;	605	60.5
	.DATA.W		81	;	606	60.6
	.DATA.W		82	;	607	60.7
	.DATA.W		83	;	608	60.8
	.DATA.W		84	;	609	60.9
	.DATA.W		85	;	610	61.0
	.DATA.W		85	;	611	61.1
	.DATA.W		86	;	612	61.2
	.DATA.W		87	;	613	61.3
	.DATA.W		88	;	614	61.4
	.DATA.W		89	;	615	61.5
	.DATA.W		89	;	616	61.6
	.DATA.W		90	;	617	61.7
	.DATA.W		91	;	618	61.8
	.DATA.W		92	;	619	61.9
	.DATA.W		93	;	620	62.0
	.DATA.W		93	;	621	62.1
	.DATA.W		94	;	622	62.2
	.DATA.W		95	;	623	62.3
	.DATA.W		96	;	624	62.4
	.DATA.W		97	;	625	62.5
	.DATA.W		97	;	626	62.6
	.DATA.W		98	;	627	62.7
	.DATA.W		99	;	628	62.8
	.DATA.W		100	;	629	62.9
	.DATA.W		101	;	630	63.0
	.DATA.W		101	;	631	63.1
	.DATA.W		102	;	632	63.2
	.DATA.W		103	;	633	63.3
	.DATA.W		104	;	634	63.4
	.DATA.W		105	;	635	63.5
	.DATA.W		106	;	636	63.6
	.DATA.W		106	;	637	63.7
	.DATA.W		107	;	638	63.8
	.DATA.W		108	;	639	63.9
	.DATA.W		109	;	640	64.0
	.DATA.W		110	;	641	64.1
	.DATA.W		110	;	642	64.2
	.DATA.W		111	;	643	64.3
	.DATA.W		112	;	644	64.4
	.DATA.W		113	;	645	64.5
	.DATA.W		114	;	646	64.6
	.DATA.W		114	;	647	64.7
	.DATA.W		115	;	648	64.8
	.DATA.W		116	;	649	64.9
	.DATA.W		117	;	650	65.0
	.DATA.W		118	;	651	65.1
	.DATA.W		118	;	652	65.2
	.DATA.W		119	;	653	65.3
	.DATA.W		120	;	654	65.4
	.DATA.W		121	;	655	65.5
	.DATA.W		122	;	656	65.6
	.DATA.W		123	;	657	65.7
	.DATA.W		123	;	658	65.8
	.DATA.W		124	;	659	65.9
	.DATA.W		125	;	660	66.0
	.DATA.W		126	;	661	66.1
	.DATA.W		127	;	662	66.2
	.DATA.W		127	;	663	66.3
	.DATA.W		128	;	664	66.4
	.DATA.W		129	;	665	66.5
	.DATA.W		130	;	666	66.6
	.DATA.W		131	;	667	66.7
	.DATA.W		132	;	668	66.8
	.DATA.W		132	;	669	66.9
	.DATA.W		133	;	670	67.0
	.DATA.W		134	;	671	67.1
	.DATA.W		135	;	672	67.2
	.DATA.W		136	;	673	67.3
	.DATA.W		136	;	674	67.4
	.DATA.W		137	;	675	67.5
	.DATA.W		138	;	676	67.6
	.DATA.W		139	;	677	67.7
	.DATA.W		140	;	678	67.8
	.DATA.W		141	;	679	67.9
	.DATA.W		141	;	680	68.0
	.DATA.W		142	;	681	68.1
	.DATA.W		143	;	682	68.2
	.DATA.W		144	;	683	68.3
	.DATA.W		145	;	684	68.4
	.DATA.W		145	;	685	68.5
	.DATA.W		146	;	686	68.6
	.DATA.W		147	;	687	68.7
	.DATA.W		148	;	688	68.8
	.DATA.W		149	;	689	68.9
	.DATA.W		150	;	690	69.0
	.DATA.W		150	;	691	69.1
	.DATA.W		151	;	692	69.2
	.DATA.W		152	;	693	69.3
	.DATA.W		153	;	694	69.4
	.DATA.W		154	;	695	69.5
	.DATA.W		155	;	696	69.6
	.DATA.W		155	;	697	69.7
	.DATA.W		156	;	698	69.8
	.DATA.W		157	;	699	69.9
	.DATA.W		158	;	700	70.0
	.DATA.W		159	;	701	70.1
	.DATA.W		160	;	702	70.2
	.DATA.W		160	;	703	70.3
	.DATA.W		161	;	704	70.4
	.DATA.W		162	;	705	70.5
	.DATA.W		163	;	706	70.6
	.DATA.W		164	;	707	70.7
	.DATA.W		165	;	708	70.8
	.DATA.W		165	;	709	70.9
	.DATA.W		166	;	710	71.0
	.DATA.W		167	;	711	71.1
	.DATA.W		168	;	712	71.2
	.DATA.W		169	;	713	71.3
	.DATA.W		170	;	714	71.4
	.DATA.W		170	;	715	71.5
	.DATA.W		171	;	716	71.6
	.DATA.W		172	;	717	71.7
	.DATA.W		173	;	718	71.8
	.DATA.W		174	;	719	71.9
	.DATA.W		175	;	720	72.0
	.DATA.W		175	;	721	72.1
	.DATA.W		176	;	722	72.2
	.DATA.W		177	;	723	72.3
	.DATA.W		178	;	724	72.4
	.DATA.W		179	;	725	72.5
	.DATA.W		180	;	726	72.6
	.DATA.W		181	;	727	72.7
	.DATA.W		181	;	728	72.8
	.DATA.W		182	;	729	72.9
	.DATA.W		183	;	730	73.0
	.DATA.W		184	;	731	73.1
	.DATA.W		185	;	732	73.2
	.DATA.W		186	;	733	73.3
	.DATA.W		186	;	734	73.4
	.DATA.W		187	;	735	73.5
	.DATA.W		188	;	736	73.6
	.DATA.W		189	;	737	73.7
	.DATA.W		190	;	738	73.8
	.DATA.W		191	;	739	73.9
	.DATA.W		192	;	740	74.0
	.DATA.W		192	;	741	74.1
	.DATA.W		193	;	742	74.2
	.DATA.W		194	;	743	74.3
	.DATA.W		195	;	744	74.4
	.DATA.W		196	;	745	74.5
	.DATA.W		197	;	746	74.6
	.DATA.W		197	;	747	74.7
	.DATA.W		198	;	748	74.8
	.DATA.W		199	;	749	74.9
	.DATA.W		200	;	750	75.0
	.DATA.W		201	;	751	75.1
	.DATA.W		202	;	752	75.2
	.DATA.W		203	;	753	75.3
	.DATA.W		203	;	754	75.4
	.DATA.W		204	;	755	75.5
	.DATA.W		205	;	756	75.6
	.DATA.W		206	;	757	75.7
	.DATA.W		207	;	758	75.8
	.DATA.W		208	;	759	75.9
	.DATA.W		209	;	760	76.0
	.DATA.W		209	;	761	76.1
	.DATA.W		210	;	762	76.2
	.DATA.W		211	;	763	76.3
	.DATA.W		212	;	764	76.4
	.DATA.W		213	;	765	76.5
	.DATA.W		214	;	766	76.6
	.DATA.W		215	;	767	76.7
	.DATA.W		215	;	768	76.8
	.DATA.W		216	;	769	76.9
	.DATA.W		217	;	770	77.0
	.DATA.W		218	;	771	77.1
	.DATA.W		219	;	772	77.2
	.DATA.W		220	;	773	77.3
	.DATA.W		221	;	774	77.4
	.DATA.W		222	;	775	77.5
	.DATA.W		222	;	776	77.6
	.DATA.W		223	;	777	77.7
	.DATA.W		224	;	778	77.8
	.DATA.W		225	;	779	77.9
	.DATA.W		226	;	780	78.0
	.DATA.W		227	;	781	78.1
	.DATA.W		228	;	782	78.2
	.DATA.W		228	;	783	78.3
	.DATA.W		229	;	784	78.4
	.DATA.W		230	;	785	78.5
	.DATA.W		231	;	786	78.6
	.DATA.W		232	;	787	78.7
	.DATA.W		233	;	788	78.8
	.DATA.W		234	;	789	78.9
	.DATA.W		235	;	790	79.0
	.DATA.W		235	;	791	79.1
	.DATA.W		236	;	792	79.2
	.DATA.W		237	;	793	79.3
	.DATA.W		238	;	794	79.4
	.DATA.W		239	;	795	79.5
	.DATA.W		240	;	796	79.6
	.DATA.W		241	;	797	79.7
	.DATA.W		242	;	798	79.8
	.DATA.W		242	;	799	79.9
	.DATA.W		243	;	800	80.0
	.DATA.W		244	;	801	80.1
	.DATA.W		245	;	802	80.2
	.DATA.W		246	;	803	80.3
	.DATA.W		247	;	804	80.4
	.DATA.W		248	;	805	80.5
	.DATA.W		249	;	806	80.6
	.DATA.W		250	;	807	80.7
	.DATA.W		250	;	808	80.8
	.DATA.W		251	;	809	80.9
	.DATA.W		252	;	810	81.0
	.DATA.W		253	;	811	81.1
	.DATA.W		254	;	812	81.2
	.DATA.W		255	;	813	81.3
	.DATA.W		256	;	814	81.4
	.DATA.W		257	;	815	81.5
	.DATA.W		257	;	816	81.6
	.DATA.W		258	;	817	81.7
	.DATA.W		259	;	818	81.8
	.DATA.W		260	;	819	81.9
	.DATA.W		261	;	820	82.0
	.DATA.W		262	;	821	82.1
	.DATA.W		263	;	822	82.2
	.DATA.W		264	;	823	82.3
	.DATA.W		265	;	824	82.4
	.DATA.W		265	;	825	82.5
	.DATA.W		266	;	826	82.6
	.DATA.W		267	;	827	82.7
	.DATA.W		268	;	828	82.8
	.DATA.W		269	;	829	82.9
	.DATA.W		270	;	830	83.0
	.DATA.W		271	;	831	83.1
	.DATA.W		272	;	832	83.2
	.DATA.W		273	;	833	83.3
	.DATA.W		274	;	834	83.4
	.DATA.W		274	;	835	83.5
	.DATA.W		275	;	836	83.6
	.DATA.W		276	;	837	83.7
	.DATA.W		277	;	838	83.8
	.DATA.W		278	;	839	83.9
	.DATA.W		279	;	840	84.0
	.DATA.W		280	;	841	84.1
	.DATA.W		281	;	842	84.2
	.DATA.W		282	;	843	84.3
	.DATA.W		283	;	844	84.4
	.DATA.W		283	;	845	84.5
	.DATA.W		284	;	846	84.6
	.DATA.W		285	;	847	84.7
	.DATA.W		286	;	848	84.8
	.DATA.W		287	;	849	84.9
	.DATA.W		288	;	850	85.0
	.DATA.W		289	;	851	85.1
	.DATA.W		290	;	852	85.2
	.DATA.W		291	;	853	85.3
	.DATA.W		292	;	854	85.4
	.DATA.W		293	;	855	85.5
	.DATA.W		293	;	856	85.6
	.DATA.W		294	;	857	85.7
	.DATA.W		295	;	858	85.8
	.DATA.W		296	;	859	85.9
	.DATA.W		297	;	860	86.0
	.DATA.W		298	;	861	86.1
	.DATA.W		299	;	862	86.2
	.DATA.W		300	;	863	86.3
	.DATA.W		301	;	864	86.4
	.DATA.W		302	;	865	86.5
	.DATA.W		303	;	866	86.6
	.DATA.W		303	;	867	86.7
	.DATA.W		304	;	868	86.8
	.DATA.W		305	;	869	86.9
	.DATA.W		306	;	870	87.0
	.DATA.W		307	;	871	87.1
	.DATA.W		308	;	872	87.2
	.DATA.W		309	;	873	87.3
	.DATA.W		310	;	874	87.4
	.DATA.W		311	;	875	87.5
	.DATA.W		312	;	876	87.6
	.DATA.W		313	;	877	87.7
	.DATA.W		314	;	878	87.8
	.DATA.W		315	;	879	87.9
	.DATA.W		315	;	880	88.0
	.DATA.W		316	;	881	88.1
	.DATA.W		317	;	882	88.2
	.DATA.W		318	;	883	88.3
	.DATA.W		319	;	884	88.4
	.DATA.W		320	;	885	88.5
	.DATA.W		321	;	886	88.6
	.DATA.W		322	;	887	88.7
	.DATA.W		323	;	888	88.8
	.DATA.W		324	;	889	88.9
	.DATA.W		325	;	890	89.0
	.DATA.W		326	;	891	89.1
	.DATA.W		327	;	892	89.2
	.DATA.W		328	;	893	89.3
	.DATA.W		328	;	894	89.4
	.DATA.W		329	;	895	89.5
	.DATA.W		330	;	896	89.6
	.DATA.W		331	;	897	89.7
	.DATA.W		332	;	898	89.8
	.DATA.W		333	;	899	89.9
	.DATA.W		334	;	900	90.0
	.DATA.W		335	;	901	90.1
	.DATA.W		336	;	902	90.2
	.DATA.W		337	;	903	90.3
	.DATA.W		338	;	904	90.4
	.DATA.W		339	;	905	90.5
	.DATA.W		340	;	906	90.6
	.DATA.W		341	;	907	90.7
	.DATA.W		342	;	908	90.8
	.DATA.W		343	;	909	90.9
	.DATA.W		343	;	910	91.0
	.DATA.W		344	;	911	91.1
	.DATA.W		345	;	912	91.2
	.DATA.W		346	;	913	91.3
	.DATA.W		347	;	914	91.4
	.DATA.W		348	;	915	91.5
	.DATA.W		349	;	916	91.6
	.DATA.W		350	;	917	91.7
	.DATA.W		351	;	918	91.8
	.DATA.W		352	;	919	91.9
	.DATA.W		353	;	920	92.0
	.DATA.W		354	;	921	92.1
	.DATA.W		355	;	922	92.2
	.DATA.W		356	;	923	92.3
	.DATA.W		357	;	924	92.4
	.DATA.W		358	;	925	92.5
	.DATA.W		359	;	926	92.6
	.DATA.W		360	;	927	92.7
	.DATA.W		361	;	928	92.8
	.DATA.W		362	;	929	92.9
	.DATA.W		363	;	930	93.0
	.DATA.W		363	;	931	93.1
	.DATA.W		364	;	932	93.2
	.DATA.W		365	;	933	93.3
	.DATA.W		366	;	934	93.4
	.DATA.W		367	;	935	93.5
	.DATA.W		368	;	936	93.6
	.DATA.W		369	;	937	93.7
	.DATA.W		370	;	938	93.8
	.DATA.W		371	;	939	93.9
	.DATA.W		372	;	940	94.0
	.DATA.W		373	;	941	94.1
	.DATA.W		374	;	942	94.2
	.DATA.W		375	;	943	94.3
	.DATA.W		376	;	944	94.4
	.DATA.W		377	;	945	94.5
	.DATA.W		378	;	946	94.6
	.DATA.W		379	;	947	94.7
	.DATA.W		380	;	948	94.8
	.DATA.W		381	;	949	94.9
	.DATA.W		382	;	950	95.0
	.DATA.W		383	;	951	95.1
	.DATA.W		384	;	952	95.2
	.DATA.W		385	;	953	95.3
	.DATA.W		386	;	954	95.4
	.DATA.W		387	;	955	95.5
	.DATA.W		388	;	956	95.6
	.DATA.W		389	;	957	95.7
	.DATA.W		390	;	958	95.8
	.DATA.W		391	;	959	95.9
	.DATA.W		392	;	960	96.0
	.DATA.W		393	;	961	96.1
	.DATA.W		394	;	962	96.2
	.DATA.W		395	;	963	96.3
	.DATA.W		396	;	964	96.4
	.DATA.W		397	;	965	96.5
	.DATA.W		398	;	966	96.6
	.DATA.W		398	;	967	96.7
	.DATA.W		399	;	968	96.8
	.DATA.W		400	;	969	96.9
	.DATA.W		401	;	970	97.0
	.DATA.W		402	;	971	97.1
	.DATA.W		403	;	972	97.2
	.DATA.W		404	;	973	97.3
	.DATA.W		405	;	974	97.4
	.DATA.W		406	;	975	97.5
	.DATA.W		407	;	976	97.6
	.DATA.W		408	;	977	97.7
	.DATA.W		409	;	978	97.8
	.DATA.W		410	;	979	97.9
	.DATA.W		411	;	980	98.0
	.DATA.W		412	;	981	98.1
	.DATA.W		413	;	982	98.2
	.DATA.W		414	;	983	98.3
	.DATA.W		415	;	984	98.4
	.DATA.W		416	;	985	98.5
	.DATA.W		417	;	986	98.6
	.DATA.W		418	;	987	98.7
	.DATA.W		419	;	988	98.8
	.DATA.W		420	;	989	98.9
	.DATA.W		421	;	990	99.0
	.DATA.W		422	;	991	99.1
	.DATA.W		423	;	992	99.2
	.DATA.W		424	;	993	99.3
	.DATA.W		425	;	994	99.4
	.DATA.W		426	;	995	99.5
	.DATA.W		427	;	996	99.6
	.DATA.W		428	;	997	99.7
	.DATA.W		430	;	998	99.8
	.DATA.W		431	;	999	99.9
	.DATA.W		432	;	1000	100.0
	.DATA.W		433	;	1001	100.1
	.DATA.W		434	;	1002	100.2
	.DATA.W		435	;	1003	100.3
	.DATA.W		436	;	1004	100.4
	.DATA.W		437	;	1005	100.5
	.DATA.W		438	;	1006	100.6
	.DATA.W		439	;	1007	100.7
	.DATA.W		440	;	1008	100.8
	.DATA.W		441	;	1009	100.9
	.DATA.W		442	;	1010	101.0
	.DATA.W		443	;	1011	101.1
	.DATA.W		444	;	1012	101.2
	.DATA.W		445	;	1013	101.3
	.DATA.W		446	;	1014	101.4
	.DATA.W		447	;	1015	101.5
	.DATA.W		448	;	1016	101.6
	.DATA.W		449	;	1017	101.7
	.DATA.W		450	;	1018	101.8
	.DATA.W		451	;	1019	101.9
	.DATA.W		452	;	1020	102.0
	.DATA.W		453	;	1021	102.1
	.DATA.W		454	;	1022	102.2
	.DATA.W		455	;	1023	102.3
	.DATA.W		456	;	1024	102.4
	.DATA.W		457	;	1025	102.5
	.DATA.W		458	;	1026	102.6
	.DATA.W		459	;	1027	102.7
	.DATA.W		460	;	1028	102.8
	.DATA.W		461	;	1029	102.9
	.DATA.W		462	;	1030	103.0
	.DATA.W		463	;	1031	103.1
	.DATA.W		465	;	1032	103.2
	.DATA.W		466	;	1033	103.3
	.DATA.W		467	;	1034	103.4
	.DATA.W		468	;	1035	103.5
	.DATA.W		469	;	1036	103.6
	.DATA.W		470	;	1037	103.7
	.DATA.W		471	;	1038	103.8
	.DATA.W		472	;	1039	103.9
	.DATA.W		473	;	1040	104.0
	.DATA.W		474	;	1041	104.1
	.DATA.W		475	;	1042	104.2
	.DATA.W		476	;	1043	104.3
	.DATA.W		477	;	1044	104.4
	.DATA.W		478	;	1045	104.5
	.DATA.W		479	;	1046	104.6
	.DATA.W		480	;	1047	104.7
	.DATA.W		481	;	1048	104.8
	.DATA.W		482	;	1049	104.9
	.DATA.W		483	;	1050	105.0
	.DATA.W		485	;	1051	105.1
	.DATA.W		486	;	1052	105.2
	.DATA.W		487	;	1053	105.3
	.DATA.W		488	;	1054	105.4
	.DATA.W		489	;	1055	105.5
	.DATA.W		490	;	1056	105.6
	.DATA.W		491	;	1057	105.7
	.DATA.W		492	;	1058	105.8
	.DATA.W		493	;	1059	105.9
	.DATA.W		494	;	1060	106.0
	.DATA.W		495	;	1061	106.1
	.DATA.W		496	;	1062	106.2
	.DATA.W		497	;	1063	106.3
	.DATA.W		498	;	1064	106.4
	.DATA.W		500	;	1065	106.5
	.DATA.W		501	;	1066	106.6
	.DATA.W		502	;	1067	106.7
	.DATA.W		503	;	1068	106.8
	.DATA.W		504	;	1069	106.9
	.DATA.W		505	;	1070	107.0
	.DATA.W		506	;	1071	107.1
	.DATA.W		507	;	1072	107.2
	.DATA.W		508	;	1073	107.3
	.DATA.W		509	;	1074	107.4
	.DATA.W		510	;	1075	107.5
	.DATA.W		512	;	1076	107.6
	.DATA.W		513	;	1077	107.7
	.DATA.W		514	;	1078	107.8
	.DATA.W		515	;	1079	107.9
	.DATA.W		516	;	1080	108.0
	.DATA.W		517	;	1081	108.1
	.DATA.W		518	;	1082	108.2
	.DATA.W		519	;	1083	108.3
	.DATA.W		520	;	1084	108.4
	.DATA.W		521	;	1085	108.5
	.DATA.W		523	;	1086	108.6
	.DATA.W		524	;	1087	108.7
	.DATA.W		525	;	1088	108.8
	.DATA.W		526	;	1089	108.9
	.DATA.W		527	;	1090	109.0
	.DATA.W		528	;	1091	109.1
	.DATA.W		529	;	1092	109.2
	.DATA.W		530	;	1093	109.3
	.DATA.W		531	;	1094	109.4
	.DATA.W		533	;	1095	109.5
	.DATA.W		534	;	1096	109.6
	.DATA.W		535	;	1097	109.7
	.DATA.W		536	;	1098	109.8
	.DATA.W		537	;	1099	109.9
	.DATA.W		538	;	1100	110.0
	.DATA.W		539	;	1101	110.1
	.DATA.W		540	;	1102	110.2
	.DATA.W		541	;	1103	110.3
	.DATA.W		543	;	1104	110.4
	.DATA.W		544	;	1105	110.5
	.DATA.W		545	;	1106	110.6
	.DATA.W		546	;	1107	110.7
	.DATA.W		547	;	1108	110.8
	.DATA.W		548	;	1109	110.9
	.DATA.W		549	;	1110	111.0
	.DATA.W		551	;	1111	111.1
	.DATA.W		552	;	1112	111.2
	.DATA.W		553	;	1113	111.3
	.DATA.W		554	;	1114	111.4
	.DATA.W		555	;	1115	111.5
	.DATA.W		556	;	1116	111.6
	.DATA.W		557	;	1117	111.7
	.DATA.W		559	;	1118	111.8
	.DATA.W		560	;	1119	111.9
	.DATA.W		561	;	1120	112.0
	.DATA.W		562	;	1121	112.1
	.DATA.W		563	;	1122	112.2
	.DATA.W		564	;	1123	112.3
	.DATA.W		565	;	1124	112.4
	.DATA.W		567	;	1125	112.5
	.DATA.W		568	;	1126	112.6
	.DATA.W		569	;	1127	112.7
	.DATA.W		570	;	1128	112.8
	.DATA.W		571	;	1129	112.9
	.DATA.W		572	;	1130	113.0
	.DATA.W		574	;	1131	113.1
	.DATA.W		575	;	1132	113.2
	.DATA.W		576	;	1133	113.3
	.DATA.W		577	;	1134	113.4
	.DATA.W		578	;	1135	113.5
	.DATA.W		579	;	1136	113.6
	.DATA.W		581	;	1137	113.7
	.DATA.W		582	;	1138	113.8
	.DATA.W		583	;	1139	113.9
	.DATA.W		584	;	1140	114.0
	.DATA.W		585	;	1141	114.1
	.DATA.W		586	;	1142	114.2
	.DATA.W		588	;	1143	114.3
	.DATA.W		589	;	1144	114.4
	.DATA.W		590	;	1145	114.5
	.DATA.W		591	;	1146	114.6
	.DATA.W		592	;	1147	114.7
	.DATA.W		594	;	1148	114.8
	.DATA.W		595	;	1149	114.9
	.DATA.W		596	;	1150	115.0
	.DATA.W		597	;	1151	115.1
	.DATA.W		598	;	1152	115.2
	.DATA.W		600	;	1153	115.3
	.DATA.W		601	;	1154	115.4
	.DATA.W		602	;	1155	115.5
	.DATA.W		603	;	1156	115.6
	.DATA.W		604	;	1157	115.7
	.DATA.W		606	;	1158	115.8
	.DATA.W		607	;	1159	115.9
	.DATA.W		608	;	1160	116.0
	.DATA.W		609	;	1161	116.1
	.DATA.W		610	;	1162	116.2
	.DATA.W		612	;	1163	116.3
	.DATA.W		613	;	1164	116.4
	.DATA.W		614	;	1165	116.5
	.DATA.W		615	;	1166	116.6
	.DATA.W		616	;	1167	116.7
	.DATA.W		618	;	1168	116.8
	.DATA.W		619	;	1169	116.9
	.DATA.W		620	;	1170	117.0
	.DATA.W		621	;	1171	117.1
	.DATA.W		623	;	1172	117.2
	.DATA.W		624	;	1173	117.3
	.DATA.W		625	;	1174	117.4
	.DATA.W		626	;	1175	117.5
	.DATA.W		627	;	1176	117.6
	.DATA.W		629	;	1177	117.7
	.DATA.W		630	;	1178	117.8
	.DATA.W		631	;	1179	117.9
	.DATA.W		632	;	1180	118.0
	.DATA.W		634	;	1181	118.1
	.DATA.W		635	;	1182	118.2
	.DATA.W		636	;	1183	118.3
	.DATA.W		637	;	1184	118.4
	.DATA.W		639	;	1185	118.5
	.DATA.W		640	;	1186	118.6
	.DATA.W		641	;	1187	118.7
	.DATA.W		642	;	1188	118.8
	.DATA.W		644	;	1189	118.9
	.DATA.W		645	;	1190	119.0
	.DATA.W		646	;	1191	119.1
	.DATA.W		647	;	1192	119.2
	.DATA.W		649	;	1193	119.3
	.DATA.W		650	;	1194	119.4
	.DATA.W		651	;	1195	119.5
	.DATA.W		653	;	1196	119.6
	.DATA.W		654	;	1197	119.7
	.DATA.W		655	;	1198	119.8
	.DATA.W		656	;	1199	119.9
	.DATA.W		658	;	1200	120.0
	.DATA.W		659	;	1201	120.1
	.DATA.W		660	;	1202	120.2
	.DATA.W		661	;	1203	120.3
	.DATA.W		663	;	1204	120.4
	.DATA.W		664	;	1205	120.5
	.DATA.W		665	;	1206	120.6
	.DATA.W		667	;	1207	120.7
	.DATA.W		668	;	1208	120.8
	.DATA.W		669	;	1209	120.9
	.DATA.W		671	;	1210	121.0
	.DATA.W		672	;	1211	121.1
	.DATA.W		673	;	1212	121.2
	.DATA.W		674	;	1213	121.3
	.DATA.W		676	;	1214	121.4
	.DATA.W		677	;	1215	121.5
	.DATA.W		678	;	1216	121.6
	.DATA.W		680	;	1217	121.7
	.DATA.W		681	;	1218	121.8
	.DATA.W		682	;	1219	121.9
	.DATA.W		684	;	1220	122.0
	.DATA.W		685	;	1221	122.1
	.DATA.W		686	;	1222	122.2
	.DATA.W		688	;	1223	122.3
	.DATA.W		689	;	1224	122.4
	.DATA.W		690	;	1225	122.5
	.DATA.W		692	;	1226	122.6
	.DATA.W		693	;	1227	122.7
	.DATA.W		694	;	1228	122.8
	.DATA.W		696	;	1229	122.9
	.DATA.W		697	;	1230	123.0
	.DATA.W		698	;	1231	123.1
	.DATA.W		700	;	1232	123.2
	.DATA.W		701	;	1233	123.3
	.DATA.W		702	;	1234	123.4
	.DATA.W		704	;	1235	123.5
	.DATA.W		705	;	1236	123.6
	.DATA.W		706	;	1237	123.7
	.DATA.W		708	;	1238	123.8
	.DATA.W		709	;	1239	123.9
	.DATA.W		710	;	1240	124.0
	.DATA.W		712	;	1241	124.1
	.DATA.W		713	;	1242	124.2
	.DATA.W		715	;	1243	124.3
	.DATA.W		716	;	1244	124.4
	.DATA.W		717	;	1245	124.5
	.DATA.W		719	;	1246	124.6
	.DATA.W		720	;	1247	124.7
	.DATA.W		721	;	1248	124.8
	.DATA.W		723	;	1249	124.9
	.DATA.W		724	;	1250	125.0
	.DATA.W		726	;	1251	125.1
	.DATA.W		727	;	1252	125.2
	.DATA.W		728	;	1253	125.3
	.DATA.W		730	;	1254	125.4
	.DATA.W		731	;	1255	125.5
	.DATA.W		733	;	1256	125.6
	.DATA.W		734	;	1257	125.7
	.DATA.W		735	;	1258	125.8
	.DATA.W		737	;	1259	125.9
	.DATA.W		738	;	1260	126.0
	.DATA.W		740	;	1261	126.1
	.DATA.W		741	;	1262	126.2
	.DATA.W		743	;	1263	126.3
	.DATA.W		744	;	1264	126.4
	.DATA.W		745	;	1265	126.5
	.DATA.W		747	;	1266	126.6
	.DATA.W		748	;	1267	126.7
	.DATA.W		750	;	1268	126.8
	.DATA.W		751	;	1269	126.9
	.DATA.W		753	;	1270	127.0
	.DATA.W		754	;	1271	127.1
	.DATA.W		755	;	1272	127.2
	.DATA.W		757	;	1273	127.3
	.DATA.W		758	;	1274	127.4
	.DATA.W		760	;	1275	127.5
	.DATA.W		761	;	1276	127.6
	.DATA.W		763	;	1277	127.7
	.DATA.W		764	;	1278	127.8
	.DATA.W		766	;	1279	127.9
	.DATA.W		767	;	1280	128.0
	.DATA.W		769	;	1281	128.1
	.DATA.W		770	;	1282	128.2
	.DATA.W		772	;	1283	128.3
	.DATA.W		773	;	1284	128.4
	.DATA.W		774	;	1285	128.5
	.DATA.W		776	;	1286	128.6
	.DATA.W		777	;	1287	128.7
	.DATA.W		779	;	1288	128.8
	.DATA.W		780	;	1289	128.9
	.DATA.W		782	;	1290	129.0
	.DATA.W		783	;	1291	129.1
	.DATA.W		785	;	1292	129.2
	.DATA.W		786	;	1293	129.3
	.DATA.W		788	;	1294	129.4
	.DATA.W		789	;	1295	129.5
	.DATA.W		791	;	1296	129.6
	.DATA.W		792	;	1297	129.7
	.DATA.W		794	;	1298	129.8
	.DATA.W		796	;	1299	129.9
	.DATA.W		797	;	1300	130.0
	.DATA.W		799	;	1301	130.1
	.DATA.W		800	;	1302	130.2
	.DATA.W		802	;	1303	130.3
	.DATA.W		803	;	1304	130.4
	.DATA.W		805	;	1305	130.5
	.DATA.W		806	;	1306	130.6
	.DATA.W		808	;	1307	130.7
	.DATA.W		809	;	1308	130.8
	.DATA.W		811	;	1309	130.9
	.DATA.W		813	;	1310	131.0
	.DATA.W		814	;	1311	131.1
	.DATA.W		816	;	1312	131.2
	.DATA.W		817	;	1313	131.3
	.DATA.W		819	;	1314	131.4
	.DATA.W		820	;	1315	131.5
	.DATA.W		822	;	1316	131.6
	.DATA.W		824	;	1317	131.7
	.DATA.W		825	;	1318	131.8
	.DATA.W		827	;	1319	131.9
	.DATA.W		828	;	1320	132.0
	.DATA.W		830	;	1321	132.1
	.DATA.W		832	;	1322	132.2
	.DATA.W		833	;	1323	132.3
	.DATA.W		835	;	1324	132.4
	.DATA.W		836	;	1325	132.5
	.DATA.W		838	;	1326	132.6
	.DATA.W		840	;	1327	132.7
	.DATA.W		841	;	1328	132.8
	.DATA.W		843	;	1329	132.9
	.DATA.W		844	;	1330	133.0
	.DATA.W		846	;	1331	133.1
	.DATA.W		848	;	1332	133.2
	.DATA.W		849	;	1333	133.3
	.DATA.W		851	;	1334	133.4
	.DATA.W		853	;	1335	133.5
	.DATA.W		854	;	1336	133.6
	.DATA.W		856	;	1337	133.7
	.DATA.W		858	;	1338	133.8
	.DATA.W		859	;	1339	133.9
	.DATA.W		861	;	1340	134.0
	.DATA.W		863	;	1341	134.1
	.DATA.W		864	;	1342	134.2
	.DATA.W		866	;	1343	134.3
	.DATA.W		868	;	1344	134.4
	.DATA.W		869	;	1345	134.5
	.DATA.W		871	;	1346	134.6
	.DATA.W		873	;	1347	134.7
	.DATA.W		874	;	1348	134.8
	.DATA.W		876	;	1349	134.9
	.DATA.W		878	;	1350	135.0
	.DATA.W		880	;	1351	135.1
	.DATA.W		881	;	1352	135.2
	.DATA.W		883	;	1353	135.3
	.DATA.W		885	;	1354	135.4
	.DATA.W		887	;	1355	135.5
	.DATA.W		888	;	1356	135.6
	.DATA.W		890	;	1357	135.7
	.DATA.W		892	;	1358	135.8
	.DATA.W		893	;	1359	135.9
	.DATA.W		895	;	1360	136.0
	.DATA.W		897	;	1361	136.1
	.DATA.W		899	;	1362	136.2
	.DATA.W		901	;	1363	136.3
	.DATA.W		902	;	1364	136.4
	.DATA.W		904	;	1365	136.5
	.DATA.W		906	;	1366	136.6
	.DATA.W		908	;	1367	136.7
	.DATA.W		909	;	1368	136.8
	.DATA.W		911	;	1369	136.9
	.DATA.W		913	;	1370	137.0
	.DATA.W		915	;	1371	137.1
	.DATA.W		917	;	1372	137.2
	.DATA.W		918	;	1373	137.3
	.DATA.W		920	;	1374	137.4
	.DATA.W		922	;	1375	137.5
	.DATA.W		924	;	1376	137.6
	.DATA.W		926	;	1377	137.7
	.DATA.W		928	;	1378	137.8
	.DATA.W		929	;	1379	137.9
	.DATA.W		931	;	1380	138.0
	.DATA.W		933	;	1381	138.1
	.DATA.W		935	;	1382	138.2
	.DATA.W		937	;	1383	138.3
	.DATA.W		939	;	1384	138.4
	.DATA.W		940	;	1385	138.5
	.DATA.W		942	;	1386	138.6
	.DATA.W		944	;	1387	138.7
	.DATA.W		946	;	1388	138.8
	.DATA.W		948	;	1389	138.9
	.DATA.W		950	;	1390	139.0
	.DATA.W		952	;	1391	139.1
	.DATA.W		954	;	1392	139.2
	.DATA.W		956	;	1393	139.3
	.DATA.W		958	;	1394	139.4
	.DATA.W		959	;	1395	139.5
	.DATA.W		961	;	1396	139.6
	.DATA.W		963	;	1397	139.7
	.DATA.W		965	;	1398	139.8
	.DATA.W		967	;	1399	139.9
	.DATA.W		969	;	1400	140.0
	.DATA.W		971	;	1401	140.1
	.DATA.W		973	;	1402	140.2
	.DATA.W		975	;	1403	140.3
	.DATA.W		977	;	1404	140.4
	.DATA.W		979	;	1405	140.5
	.DATA.W		981	;	1406	140.6
	.DATA.W		983	;	1407	140.7
	.DATA.W		985	;	1408	140.8
	.DATA.W		987	;	1409	140.9
	.DATA.W		989	;	1410	141.0
	.DATA.W		991	;	1411	141.1
	.DATA.W		993	;	1412	141.2
	.DATA.W		995	;	1413	141.3
	.DATA.W		997	;	1414	141.4
	.DATA.W		999	;	1415	141.5
	.DATA.W		1001	;	1416	141.6
	.DATA.W		1003	;	1417	141.7
	.DATA.W		1005	;	1418	141.8
	.DATA.W		1007	;	1419	141.9
	.DATA.W		1009	;	1420	142.0
	.DATA.W		1011	;	1421	142.1
	.DATA.W		1013	;	1422	142.2
	.DATA.W		1015	;	1423	142.3
	.DATA.W		1017	;	1424	142.4
	.DATA.W		1019	;	1425	142.5
	.DATA.W		1021	;	1426	142.6
	.DATA.W		1023	;	1427	142.7
	.DATA.W		1026	;	1428	142.8
	.DATA.W		1028	;	1429	142.9
	.DATA.W		1030	;	1430	143.0
	.DATA.W		1032	;	1431	143.1
	.DATA.W		1034	;	1432	143.2
	.DATA.W		1036	;	1433	143.3
	.DATA.W		1038	;	1434	143.4
	.DATA.W		1040	;	1435	143.5
	.DATA.W		1042	;	1436	143.6
	.DATA.W		1045	;	1437	143.7
	.DATA.W		1047	;	1438	143.8
	.DATA.W		1049	;	1439	143.9
	.DATA.W		1051	;	1440	144.0
	.DATA.W		1053	;	1441	144.1
	.DATA.W		1055	;	1442	144.2
	.DATA.W		1058	;	1443	144.3
	.DATA.W		1060	;	1444	144.4
	.DATA.W		1062	;	1445	144.5
	.DATA.W		1064	;	1446	144.6
	.DATA.W		1066	;	1447	144.7
	.DATA.W		1068	;	1448	144.8
	.DATA.W		1071	;	1449	144.9
	.DATA.W		1073	;	1450	145.0
	.DATA.W		1075	;	1451	145.1
	.DATA.W		1077	;	1452	145.2
	.DATA.W		1080	;	1453	145.3
	.DATA.W		1082	;	1454	145.4
	.DATA.W		1084	;	1455	145.5
	.DATA.W		1086	;	1456	145.6
	.DATA.W		1088	;	1457	145.7
	.DATA.W		1091	;	1458	145.8
	.DATA.W		1093	;	1459	145.9
	.DATA.W		1095	;	1460	146.0
	.DATA.W		1097	;	1461	146.1
	.DATA.W		1100	;	1462	146.2
	.DATA.W		1102	;	1463	146.3
	.DATA.W		1104	;	1464	146.4
	.DATA.W		1107	;	1465	146.5
	.DATA.W		1109	;	1466	146.6
	.DATA.W		1111	;	1467	146.7
	.DATA.W		1113	;	1468	146.8
	.DATA.W		1116	;	1469	146.9
	.DATA.W		1118	;	1470	147.0
	.DATA.W		1120	;	1471	147.1
	.DATA.W		1123	;	1472	147.2
	.DATA.W		1125	;	1473	147.3
	.DATA.W		1127	;	1474	147.4
	.DATA.W		1130	;	1475	147.5
	.DATA.W		1132	;	1476	147.6
	.DATA.W		1134	;	1477	147.7
	.DATA.W		1137	;	1478	147.8
	.DATA.W		1139	;	1479	147.9
	.DATA.W		1141	;	1480	148.0
	.DATA.W		1144	;	1481	148.1
	.DATA.W		1146	;	1482	148.2
	.DATA.W		1148	;	1483	148.3
	.DATA.W		1151	;	1484	148.4
	.DATA.W		1153	;	1485	148.5
	.DATA.W		1156	;	1486	148.6
	.DATA.W		1158	;	1487	148.7
	.DATA.W		1160	;	1488	148.8
	.DATA.W		1163	;	1489	148.9
	.DATA.W		1165	;	1490	149.0
	.DATA.W		1167	;	1491	149.1
	.DATA.W		1170	;	1492	149.2
	.DATA.W		1172	;	1493	149.3
	.DATA.W		1175	;	1494	149.4
	.DATA.W		1177	;	1495	149.5
	.DATA.W		1179	;	1496	149.6
	.DATA.W		1182	;	1497	149.7
	.DATA.W		1184	;	1498	149.8
	.DATA.W		1187	;	1499	149.9
	.DATA.W		1189	;	1500	150.0
	.DATA.W		1192	;	1501	150.1
	.DATA.W		1194	;	1502	150.2
	.DATA.W		1196	;	1503	150.3
	.DATA.W		1199	;	1504	150.4
	.DATA.W		1201	;	1505	150.5
	.DATA.W		1204	;	1506	150.6
	.DATA.W		1206	;	1507	150.7
	.DATA.W		1209	;	1508	150.8
	.DATA.W		1211	;	1509	150.9
	.DATA.W		1214	;	1510	151.0
	.DATA.W		1216	;	1511	151.1
	.DATA.W		1218	;	1512	151.2
	.DATA.W		1221	;	1513	151.3
	.DATA.W		1223	;	1514	151.4
	.DATA.W		1226	;	1515	151.5
	.DATA.W		1228	;	1516	151.6
	.DATA.W		1231	;	1517	151.7
	.DATA.W		1233	;	1518	151.8
	.DATA.W		1236	;	1519	151.9
	.DATA.W		1238	;	1520	152.0
	.DATA.W		1241	;	1521	152.1
	.DATA.W		1243	;	1522	152.2
	.DATA.W		1245	;	1523	152.3
	.DATA.W		1248	;	1524	152.4
	.DATA.W		1250	;	1525	152.5
	.DATA.W		1253	;	1526	152.6
	.DATA.W		1255	;	1527	152.7
	.DATA.W		1258	;	1528	152.8
	.DATA.W		1260	;	1529	152.9
	.DATA.W		1263	;	1530	153.0
	.DATA.W		1265	;	1531	153.1
	.DATA.W		1268	;	1532	153.2
	.DATA.W		1270	;	1533	153.3
	.DATA.W		1273	;	1534	153.4
	.DATA.W		1275	;	1535	153.5
	.DATA.W		1278	;	1536	153.6
	.DATA.W		1280	;	1537	153.7
	.DATA.W		1282	;	1538	153.8
	.DATA.W		1285	;	1539	153.9
	.DATA.W		1287	;	1540	154.0
	.DATA.W		1290	;	1541	154.1
	.DATA.W		1292	;	1542	154.2
	.DATA.W		1295	;	1543	154.3
	.DATA.W		1297	;	1544	154.4
	.DATA.W		1300	;	1545	154.5
	.DATA.W		1302	;	1546	154.6
	.DATA.W		1305	;	1547	154.7
	.DATA.W		1307	;	1548	154.8
	.DATA.W		1310	;	1549	154.9
	.DATA.W		1312	;	1550	155.0
	.DATA.W		1314	;	1551	155.1
	.DATA.W		1317	;	1552	155.2
	.DATA.W		1319	;	1553	155.3
	.DATA.W		1322	;	1554	155.4
	.DATA.W		1324	;	1555	155.5
	.DATA.W		1327	;	1556	155.6
	.DATA.W		1329	;	1557	155.7
	.DATA.W		1332	;	1558	155.8
	.DATA.W		1334	;	1559	155.9
	.DATA.W		1336	;	1560	156.0
	.DATA.W		1339	;	1561	156.1
	.DATA.W		1341	;	1562	156.2
	.DATA.W		1344	;	1563	156.3
	.DATA.W		1346	;	1564	156.4
	.DATA.W		1349	;	1565	156.5
	.DATA.W		1351	;	1566	156.6
	.DATA.W		1353	;	1567	156.7
	.DATA.W		1356	;	1568	156.8
	.DATA.W		1358	;	1569	156.9
	.DATA.W		1361	;	1570	157.0
	.DATA.W		1363	;	1571	157.1
	.DATA.W		1365	;	1572	157.2
	.DATA.W		1368	;	1573	157.3
	.DATA.W		1370	;	1574	157.4
	.DATA.W		1373	;	1575	157.5
	.DATA.W		1375	;	1576	157.6
	.DATA.W		1377	;	1577	157.7
	.DATA.W		1380	;	1578	157.8
	.DATA.W		1382	;	1579	157.9
	.DATA.W		1385	;	1580	158.0
	.DATA.W		1387	;	1581	158.1
	.DATA.W		1389	;	1582	158.2
	.DATA.W		1392	;	1583	158.3
	.DATA.W		1394	;	1584	158.4
	.DATA.W		1396	;	1585	158.5
	.DATA.W		1399	;	1586	158.6
	.DATA.W		1401	;	1587	158.7
	.DATA.W		1403	;	1588	158.8
	.DATA.W		1406	;	1589	158.9
	.DATA.W		1408	;	1590	159.0
	.DATA.W		1410	;	1591	159.1
	.DATA.W		1413	;	1592	159.2
	.DATA.W		1415	;	1593	159.3
	.DATA.W		1417	;	1594	159.4
	.DATA.W		1420	;	1595	159.5
	.DATA.W		1422	;	1596	159.6
	.DATA.W		1424	;	1597	159.7
	.DATA.W		1427	;	1598	159.8
	.DATA.W		1429	;	1599	159.9
	.DATA.W		1431	;	1600	160.0
	.DATA.W		1433	;	1601	160.1
	.DATA.W		1436	;	1602	160.2
	.DATA.W		1438	;	1603	160.3
	.DATA.W		1440	;	1604	160.4
	.DATA.W		1442	;	1605	160.5
	.DATA.W		1445	;	1606	160.6
	.DATA.W		1447	;	1607	160.7
	.DATA.W		1449	;	1608	160.8
	.DATA.W		1452	;	1609	160.9
	.DATA.W		1454	;	1610	161.0
	.DATA.W		1456	;	1611	161.1
	.DATA.W		1458	;	1612	161.2
	.DATA.W		1460	;	1613	161.3
	.DATA.W		1463	;	1614	161.4
	.DATA.W		1465	;	1615	161.5
	.DATA.W		1467	;	1616	161.6
	.DATA.W		1469	;	1617	161.7
	.DATA.W		1472	;	1618	161.8
	.DATA.W		1474	;	1619	161.9
	.DATA.W		1476	;	1620	162.0
	.DATA.W		1478	;	1621	162.1
	.DATA.W		1480	;	1622	162.2
	.DATA.W		1482	;	1623	162.3
	.DATA.W		1485	;	1624	162.4
	.DATA.W		1487	;	1625	162.5
	.DATA.W		1489	;	1626	162.6
	.DATA.W		1491	;	1627	162.7
	.DATA.W		1493	;	1628	162.8
	.DATA.W		1495	;	1629	162.9
	.DATA.W		1498	;	1630	163.0
	.DATA.W		1500	;	1631	163.1
	.DATA.W		1502	;	1632	163.2
	.DATA.W		1504	;	1633	163.3
	.DATA.W		1506	;	1634	163.4
	.DATA.W		1508	;	1635	163.5
	.DATA.W		1510	;	1636	163.6
	.DATA.W		1513	;	1637	163.7
	.DATA.W		1515	;	1638	163.8
	.DATA.W		1517	;	1639	163.9
	.DATA.W		1519	;	1640	164.0
	.DATA.W		1521	;	1641	164.1
	.DATA.W		1523	;	1642	164.2
	.DATA.W		1525	;	1643	164.3
	.DATA.W		1527	;	1644	164.4
	.DATA.W		1529	;	1645	164.5
	.DATA.W		1531	;	1646	164.6
	.DATA.W		1533	;	1647	164.7
	.DATA.W		1535	;	1648	164.8
	.DATA.W		1538	;	1649	164.9
	.DATA.W		1540	;	1650	165.0
	.DATA.W		1542	;	1651	165.1
	.DATA.W		1544	;	1652	165.2
	.DATA.W		1546	;	1653	165.3
	.DATA.W		1548	;	1654	165.4
	.DATA.W		1550	;	1655	165.5
	.DATA.W		1552	;	1656	165.6
	.DATA.W		1554	;	1657	165.7
	.DATA.W		1556	;	1658	165.8
	.DATA.W		1558	;	1659	165.9
	.DATA.W		1560	;	1660	166.0
	.DATA.W		1562	;	1661	166.1
	.DATA.W		1564	;	1662	166.2
	.DATA.W		1566	;	1663	166.3
	.DATA.W		1568	;	1664	166.4
	.DATA.W		1570	;	1665	166.5
	.DATA.W		1572	;	1666	166.6
	.DATA.W		1574	;	1667	166.7
	.DATA.W		1576	;	1668	166.8
	.DATA.W		1578	;	1669	166.9
	.DATA.W		1580	;	1670	167.0
	.DATA.W		1581	;	1671	167.1
	.DATA.W		1583	;	1672	167.2
	.DATA.W		1585	;	1673	167.3
	.DATA.W		1587	;	1674	167.4
	.DATA.W		1589	;	1675	167.5
	.DATA.W		1591	;	1676	167.6
	.DATA.W		1593	;	1677	167.7
	.DATA.W		1595	;	1678	167.8
	.DATA.W		1597	;	1679	167.9
	.DATA.W		1599	;	1680	168.0
	.DATA.W		1601	;	1681	168.1
	.DATA.W		1603	;	1682	168.2
	.DATA.W		1605	;	1683	168.3
	.DATA.W		1606	;	1684	168.4
	.DATA.W		1608	;	1685	168.5
	.DATA.W		1610	;	1686	168.6
	.DATA.W		1612	;	1687	168.7
	.DATA.W		1614	;	1688	168.8
	.DATA.W		1616	;	1689	168.9
	.DATA.W		1618	;	1690	169.0
	.DATA.W		1620	;	1691	169.1
	.DATA.W		1621	;	1692	169.2
	.DATA.W		1623	;	1693	169.3
	.DATA.W		1625	;	1694	169.4
	.DATA.W		1627	;	1695	169.5
	.DATA.W		1629	;	1696	169.6
	.DATA.W		1631	;	1697	169.7
	.DATA.W		1632	;	1698	169.8
	.DATA.W		1634	;	1699	169.9
	.DATA.W		1636	;	1700	170.0
	.DATA.W		1638	;	1701	170.1
	.DATA.W		1640	;	1702	170.2
	.DATA.W		1642	;	1703	170.3
	.DATA.W		1643	;	1704	170.4
	.DATA.W		1645	;	1705	170.5
	.DATA.W		1647	;	1706	170.6
	.DATA.W		1649	;	1707	170.7
	.DATA.W		1651	;	1708	170.8
	.DATA.W		1652	;	1709	170.9
	.DATA.W		1654	;	1710	171.0
	.DATA.W		1656	;	1711	171.1
	.DATA.W		1658	;	1712	171.2
	.DATA.W		1659	;	1713	171.3
	.DATA.W		1661	;	1714	171.4
	.DATA.W		1663	;	1715	171.5
	.DATA.W		1665	;	1716	171.6
	.DATA.W		1667	;	1717	171.7
	.DATA.W		1668	;	1718	171.8
	.DATA.W		1670	;	1719	171.9
	.DATA.W		1672	;	1720	172.0
	.DATA.W		1673	;	1721	172.1
	.DATA.W		1675	;	1722	172.2
	.DATA.W		1677	;	1723	172.3
	.DATA.W		1679	;	1724	172.4
	.DATA.W		1680	;	1725	172.5
	.DATA.W		1682	;	1726	172.6
	.DATA.W		1684	;	1727	172.7
	.DATA.W		1686	;	1728	172.8
	.DATA.W		1687	;	1729	172.9
	.DATA.W		1689	;	1730	173.0
	.DATA.W		1691	;	1731	173.1
	.DATA.W		1692	;	1732	173.2
	.DATA.W		1694	;	1733	173.3
	.DATA.W		1696	;	1734	173.4
	.DATA.W		1697	;	1735	173.5
	.DATA.W		1699	;	1736	173.6
	.DATA.W		1701	;	1737	173.7
	.DATA.W		1703	;	1738	173.8
	.DATA.W		1704	;	1739	173.9
	.DATA.W		1706	;	1740	174.0
	.DATA.W		1708	;	1741	174.1
	.DATA.W		1709	;	1742	174.2
	.DATA.W		1711	;	1743	174.3
	.DATA.W		1712	;	1744	174.4
	.DATA.W		1714	;	1745	174.5
	.DATA.W		1716	;	1746	174.6
	.DATA.W		1717	;	1747	174.7
	.DATA.W		1719	;	1748	174.8
	.DATA.W		1721	;	1749	174.9
	.DATA.W		1722	;	1750	175.0
	.DATA.W		1724	;	1751	175.1
	.DATA.W		1726	;	1752	175.2
	.DATA.W		1727	;	1753	175.3
	.DATA.W		1729	;	1754	175.4
	.DATA.W		1730	;	1755	175.5
	.DATA.W		1732	;	1756	175.6
	.DATA.W		1734	;	1757	175.7
	.DATA.W		1735	;	1758	175.8
	.DATA.W		1737	;	1759	175.9
	.DATA.W		1739	;	1760	176.0
	.DATA.W		1740	;	1761	176.1
	.DATA.W		1742	;	1762	176.2
	.DATA.W		1743	;	1763	176.3
	.DATA.W		1745	;	1764	176.4
	.DATA.W		1746	;	1765	176.5
	.DATA.W		1748	;	1766	176.6
	.DATA.W		1750	;	1767	176.7
	.DATA.W		1751	;	1768	176.8
	.DATA.W		1753	;	1769	176.9
	.DATA.W		1754	;	1770	177.0
	.DATA.W		1756	;	1771	177.1
	.DATA.W		1758	;	1772	177.2
	.DATA.W		1759	;	1773	177.3
	.DATA.W		1761	;	1774	177.4
	.DATA.W		1762	;	1775	177.5
	.DATA.W		1764	;	1776	177.6
	.DATA.W		1765	;	1777	177.7
	.DATA.W		1767	;	1778	177.8
	.DATA.W		1768	;	1779	177.9
	.DATA.W		1770	;	1780	178.0
	.DATA.W		1771	;	1781	178.1
	.DATA.W		1773	;	1782	178.2
	.DATA.W		1775	;	1783	178.3
	.DATA.W		1776	;	1784	178.4
	.DATA.W		1778	;	1785	178.5
	.DATA.W		1779	;	1786	178.6
	.DATA.W		1781	;	1787	178.7
	.DATA.W		1782	;	1788	178.8
	.DATA.W		1784	;	1789	178.9
	.DATA.W		1786	;	1790	179.0
	.DATA.W		1787	;	1791	179.1
	.DATA.W		1788	;	1792	179.2
	.DATA.W		1790	;	1793	179.3
	.DATA.W		1792	;	1794	179.4
	.DATA.W		1793	;	1795	179.5
	.DATA.W		1794	;	1796	179.6
	.DATA.W		1796	;	1797	179.7
	.DATA.W		1798	;	1798	179.8
	.DATA.W		1799	;	1799	179.9
	.DATA.W		1801	;	1800	180.0
	.DATA.W		1802	;	1801	180.1
	.DATA.W		1803	;	1802	180.2
	.DATA.W		1805	;	1803	180.3
	.DATA.W		1807	;	1804	180.4
	.DATA.W		1808	;	1805	180.5
	.DATA.W		1809	;	1806	180.6
	.DATA.W		1811	;	1807	180.7
	.DATA.W		1812	;	1808	180.8
	.DATA.W		1813	;	1809	180.9
	.DATA.W		1815	;	1810	181.0
	.DATA.W		1817	;	1811	181.1
	.DATA.W		1818	;	1812	181.2
	.DATA.W		1819	;	1813	181.3
	.DATA.W		1821	;	1814	181.4
	.DATA.W		1823	;	1815	181.5
	.DATA.W		1824	;	1816	181.6
	.DATA.W		1825	;	1817	181.7
	.DATA.W		1827	;	1818	181.8
	.DATA.W		1828	;	1819	181.9
	.DATA.W		1830	;	1820	182.0
	.DATA.W		1831	;	1821	182.1
	.DATA.W		1833	;	1822	182.2
	.DATA.W		1834	;	1823	182.3
	.DATA.W		1835	;	1824	182.4
	.DATA.W		1837	;	1825	182.5
	.DATA.W		1838	;	1826	182.6
	.DATA.W		1840	;	1827	182.7
	.DATA.W		1841	;	1828	182.8
	.DATA.W		1843	;	1829	182.9
	.DATA.W		1844	;	1830	183.0
	.DATA.W		1845	;	1831	183.1
	.DATA.W		1847	;	1832	183.2
	.DATA.W		1848	;	1833	183.3
	.DATA.W		1850	;	1834	183.4
	.DATA.W		1851	;	1835	183.5
	.DATA.W		1852	;	1836	183.6
	.DATA.W		1854	;	1837	183.7
	.DATA.W		1855	;	1838	183.8
	.DATA.W		1857	;	1839	183.9
	.DATA.W		1858	;	1840	184.0
	.DATA.W		1859	;	1841	184.1
	.DATA.W		1861	;	1842	184.2
	.DATA.W		1862	;	1843	184.3
	.DATA.W		1863	;	1844	184.4
	.DATA.W		1865	;	1845	184.5
	.DATA.W		1866	;	1846	184.6
	.DATA.W		1868	;	1847	184.7
	.DATA.W		1869	;	1848	184.8
	.DATA.W		1870	;	1849	184.9
	.DATA.W		1872	;	1850	185.0
	.DATA.W		1873	;	1851	185.1
	.DATA.W		1874	;	1852	185.2
	.DATA.W		1876	;	1853	185.3
	.DATA.W		1877	;	1854	185.4
	.DATA.W		1878	;	1855	185.5
	.DATA.W		1880	;	1856	185.6
	.DATA.W		1881	;	1857	185.7
	.DATA.W		1882	;	1858	185.8
	.DATA.W		1884	;	1859	185.9
	.DATA.W		1885	;	1860	186.0
	.DATA.W		1886	;	1861	186.1
	.DATA.W		1888	;	1862	186.2
	.DATA.W		1889	;	1863	186.3
	.DATA.W		1890	;	1864	186.4
	.DATA.W		1892	;	1865	186.5
	.DATA.W		1893	;	1866	186.6
	.DATA.W		1894	;	1867	186.7
	.DATA.W		1896	;	1868	186.8
	.DATA.W		1897	;	1869	186.9
	.DATA.W		1898	;	1870	187.0
	.DATA.W		1900	;	1871	187.1
	.DATA.W		1901	;	1872	187.2
	.DATA.W		1902	;	1873	187.3
	.DATA.W		1904	;	1874	187.4
	.DATA.W		1905	;	1875	187.5
	.DATA.W		1906	;	1876	187.6
	.DATA.W		1908	;	1877	187.7
	.DATA.W		1909	;	1878	187.8
	.DATA.W		1910	;	1879	187.9
	.DATA.W		1912	;	1880	188.0
	.DATA.W		1913	;	1881	188.1
	.DATA.W		1914	;	1882	188.2
	.DATA.W		1915	;	1883	188.3
	.DATA.W		1917	;	1884	188.4
	.DATA.W		1918	;	1885	188.5
	.DATA.W		1919	;	1886	188.6
	.DATA.W		1921	;	1887	188.7
	.DATA.W		1922	;	1888	188.8
	.DATA.W		1923	;	1889	188.9
	.DATA.W		1924	;	1890	189.0
	.DATA.W		1926	;	1891	189.1
	.DATA.W		1927	;	1892	189.2
	.DATA.W		1928	;	1893	189.3
	.DATA.W		1930	;	1894	189.4
	.DATA.W		1931	;	1895	189.5
	.DATA.W		1932	;	1896	189.6
	.DATA.W		1933	;	1897	189.7
	.DATA.W		1935	;	1898	189.8
	.DATA.W		1936	;	1899	189.9
	.DATA.W		1937	;	1900	190.0
	.DATA.W		1938	;	1901	190.1
	.DATA.W		1940	;	1902	190.2
	.DATA.W		1941	;	1903	190.3
	.DATA.W		1942	;	1904	190.4
	.DATA.W		1943	;	1905	190.5
	.DATA.W		1945	;	1906	190.6
	.DATA.W		1946	;	1907	190.7
	.DATA.W		1947	;	1908	190.8
	.DATA.W		1948	;	1909	190.9
	.DATA.W		1950	;	1910	191.0
	.DATA.W		1951	;	1911	191.1
	.DATA.W		1952	;	1912	191.2
	.DATA.W		1953	;	1913	191.3
	.DATA.W		1955	;	1914	191.4
	.DATA.W		1956	;	1915	191.5
	.DATA.W		1957	;	1916	191.6
	.DATA.W		1958	;	1917	191.7
	.DATA.W		1959	;	1918	191.8
	.DATA.W		1961	;	1919	191.9
	.DATA.W		1962	;	1920	192.0
	.DATA.W		1963	;	1921	192.1
	.DATA.W		1964	;	1922	192.2
	.DATA.W		1966	;	1923	192.3
	.DATA.W		1967	;	1924	192.4
	.DATA.W		1968	;	1925	192.5
	.DATA.W		1969	;	1926	192.6
	.DATA.W		1971	;	1927	192.7
	.DATA.W		1972	;	1928	192.8
	.DATA.W		1973	;	1929	192.9
	.DATA.W		1974	;	1930	193.0
	.DATA.W		1975	;	1931	193.1
	.DATA.W		1977	;	1932	193.2
	.DATA.W		1978	;	1933	193.3
	.DATA.W		1979	;	1934	193.4
	.DATA.W		1980	;	1935	193.5
	.DATA.W		1981	;	1936	193.6
	.DATA.W		1982	;	1937	193.7
	.DATA.W		1983	;	1938	193.8
	.DATA.W		1985	;	1939	193.9
	.DATA.W		1986	;	1940	194.0
	.DATA.W		1987	;	1941	194.1
	.DATA.W		1988	;	1942	194.2
	.DATA.W		1989	;	1943	194.3
	.DATA.W		1991	;	1944	194.4
	.DATA.W		1992	;	1945	194.5
	.DATA.W		1993	;	1946	194.6
	.DATA.W		1994	;	1947	194.7
	.DATA.W		1996	;	1948	194.8
	.DATA.W		1997	;	1949	194.9
	.DATA.W		1998	;	1950	195.0
	.DATA.W		1999	;	1951	195.1
	.DATA.W		2000	;	1952	195.2
	.DATA.W		2002	;	1953	195.3
	.DATA.W		2002	;	1954	195.4
	.DATA.W		2004	;	1955	195.5
	.DATA.W		2005	;	1956	195.6
	.DATA.W		2006	;	1957	195.7
	.DATA.W		2008	;	1958	195.8
	.DATA.W		2008	;	1959	195.9
	.DATA.W		2009	;	1960	196.0
	.DATA.W		2011	;	1961	196.1
	.DATA.W		2012	;	1962	196.2
	.DATA.W		2013	;	1963	196.3
	.DATA.W		2014	;	1964	196.4
	.DATA.W		2016	;	1965	196.5
	.DATA.W		2017	;	1966	196.6
	.DATA.W		2018	;	1967	196.7
	.DATA.W		2019	;	1968	196.8
	.DATA.W		2020	;	1969	196.9
	.DATA.W		2021	;	1970	197.0
	.DATA.W		2022	;	1971	197.1
	.DATA.W		2023	;	1972	197.2
	.DATA.W		2024	;	1973	197.3
	.DATA.W		2026	;	1974	197.4
	.DATA.W		2027	;	1975	197.5
	.DATA.W		2028	;	1976	197.6
	.DATA.W		2029	;	1977	197.7
	.DATA.W		2031	;	1978	197.8
	.DATA.W		2032	;	1979	197.9
	.DATA.W		2032	;	1980	198.0
	.DATA.W		2033	;	1981	198.1
	.DATA.W		2035	;	1982	198.2
	.DATA.W		2036	;	1983	198.3
	.DATA.W		2037	;	1984	198.4
	.DATA.W		2038	;	1985	198.5
	.DATA.W		2039	;	1986	198.6
	.DATA.W		2041	;	1987	198.7
	.DATA.W		2042	;	1988	198.8
	.DATA.W		2043	;	1989	198.9
	.DATA.W		2044	;	1990	199.0
	.DATA.W		2045	;	1991	199.1
	.DATA.W		2046	;	1992	199.2
	.DATA.W		2048	;	1993	199.3
	.DATA.W		2048	;	1994	199.4
	.DATA.W		2049	;	1995	199.5
	.DATA.W		2051	;	1996	199.6
	.DATA.W		2052	;	1997	199.7
	.DATA.W		2053	;	1998	199.8
	.DATA.W		2054	;	1999	199.9
	.DATA.W		2055	;	2000	200.0
	.DATA.W		2056	;	2001	200.1
	.DATA.W		2058	;	2002	200.2
	.DATA.W		2058	;	2003	200.3
	.DATA.W		2059	;	2004	200.4
	.DATA.W		2061	;	2005	200.5
	.DATA.W		2062	;	2006	200.6
	.DATA.W		2063	;	2007	200.7
	.DATA.W		2064	;	2008	200.8
	.DATA.W		2065	;	2009	200.9
	.DATA.W		2066	;	2010	201.0
	.DATA.W		2067	;	2011	201.1
	.DATA.W		2068	;	2012	201.2
	.DATA.W		2069	;	2013	201.3
	.DATA.W		2071	;	2014	201.4
	.DATA.W		2072	;	2015	201.5
	.DATA.W		2072	;	2016	201.6
	.DATA.W		2074	;	2017	201.7
	.DATA.W		2075	;	2018	201.8
	.DATA.W		2076	;	2019	201.9
	.DATA.W		2077	;	2020	202.0
	.DATA.W		2078	;	2021	202.1
	.DATA.W		2079	;	2022	202.2
	.DATA.W		2081	;	2023	202.3
	.DATA.W		2082	;	2024	202.4
	.DATA.W		2082	;	2025	202.5
	.DATA.W		2083	;	2026	202.6
	.DATA.W		2084	;	2027	202.7
	.DATA.W		2086	;	2028	202.8
	.DATA.W		2087	;	2029	202.9
	.DATA.W		2088	;	2030	203.0
	.DATA.W		2089	;	2031	203.1
	.DATA.W		2090	;	2032	203.2
	.DATA.W		2091	;	2033	203.3
	.DATA.W		2092	;	2034	203.4
	.DATA.W		2093	;	2035	203.5
	.DATA.W		2094	;	2036	203.6
	.DATA.W		2096	;	2037	203.7
	.DATA.W		2097	;	2038	203.8
	.DATA.W		2098	;	2039	203.9
	.DATA.W		2098	;	2040	204.0
	.DATA.W		2099	;	2041	204.1
	.DATA.W		2101	;	2042	204.2
	.DATA.W		2102	;	2043	204.3
	.DATA.W		2102	;	2044	204.4
	.DATA.W		2104	;	2045	204.5
	.DATA.W		2105	;	2046	204.6
	.DATA.W		2106	;	2047	204.7
	.DATA.W		2107	;	2048	204.8
	.DATA.W		2108	;	2049	204.9
	.DATA.W		2109	;	2050	205.0
	.DATA.W		2110	;	2051	205.1
	.DATA.W		2111	;	2052	205.2
	.DATA.W		2112	;	2053	205.3
	.DATA.W		2113	;	2054	205.4
	.DATA.W		2114	;	2055	205.5
	.DATA.W		2116	;	2056	205.6
	.DATA.W		2117	;	2057	205.7
	.DATA.W		2118	;	2058	205.8
	.DATA.W		2118	;	2059	205.9
	.DATA.W		2119	;	2060	206.0
	.DATA.W		2121	;	2061	206.1
	.DATA.W		2122	;	2062	206.2
	.DATA.W		2122	;	2063	206.3
	.DATA.W		2123	;	2064	206.4
	.DATA.W		2124	;	2065	206.5
	.DATA.W		2125	;	2066	206.6
	.DATA.W		2127	;	2067	206.7
	.DATA.W		2128	;	2068	206.8
	.DATA.W		2129	;	2069	206.9
	.DATA.W		2130	;	2070	207.0
	.DATA.W		2131	;	2071	207.1
	.DATA.W		2132	;	2072	207.2
	.DATA.W		2133	;	2073	207.3
	.DATA.W		2134	;	2074	207.4
	.DATA.W		2135	;	2075	207.5
	.DATA.W		2136	;	2076	207.6
	.DATA.W		2137	;	2077	207.7
	.DATA.W		2138	;	2078	207.8
	.DATA.W		2139	;	2079	207.9
	.DATA.W		2140	;	2080	208.0
	.DATA.W		2141	;	2081	208.1
	.DATA.W		2142	;	2082	208.2
	.DATA.W		2143	;	2083	208.3
	.DATA.W		2144	;	2084	208.4
	.DATA.W		2145	;	2085	208.5
	.DATA.W		2146	;	2086	208.6
	.DATA.W		2147	;	2087	208.7
	.DATA.W		2148	;	2088	208.8
	.DATA.W		2149	;	2089	208.9
	.DATA.W		2150	;	2090	209.0
	.DATA.W		2151	;	2091	209.1
	.DATA.W		2152	;	2092	209.2
	.DATA.W		2153	;	2093	209.3
	.DATA.W		2154	;	2094	209.4
	.DATA.W		2155	;	2095	209.5
	.DATA.W		2156	;	2096	209.6
	.DATA.W		2157	;	2097	209.7
	.DATA.W		2158	;	2098	209.8
	.DATA.W		2159	;	2099	209.9
	.DATA.W		2160	;	2100	210.0
	.DATA.W		2161	;	2101	210.1
	.DATA.W		2162	;	2102	210.2
	.DATA.W		2163	;	2103	210.3
	.DATA.W		2164	;	2104	210.4
	.DATA.W		2165	;	2105	210.5
	.DATA.W		2166	;	2106	210.6
	.DATA.W		2167	;	2107	210.7
	.DATA.W		2168	;	2108	210.8
	.DATA.W		2169	;	2109	210.9
	.DATA.W		2170	;	2110	211.0
	.DATA.W		2171	;	2111	211.1
	.DATA.W		2172	;	2112	211.2
	.DATA.W		2173	;	2113	211.3
	.DATA.W		2174	;	2114	211.4
	.DATA.W		2175	;	2115	211.5
	.DATA.W		2176	;	2116	211.6
	.DATA.W		2177	;	2117	211.7
	.DATA.W		2178	;	2118	211.8
	.DATA.W		2179	;	2119	211.9
	.DATA.W		2180	;	2120	212.0
	.DATA.W		2181	;	2121	212.1
	.DATA.W		2182	;	2122	212.2
	.DATA.W		2183	;	2123	212.3
	.DATA.W		2184	;	2124	212.4
	.DATA.W		2185	;	2125	212.5
	.DATA.W		2186	;	2126	212.6
	.DATA.W		2187	;	2127	212.7
	.DATA.W		2188	;	2128	212.8
	.DATA.W		2189	;	2129	212.9
	.DATA.W		2190	;	2130	213.0
	.DATA.W		2191	;	2131	213.1
	.DATA.W		2192	;	2132	213.2
	.DATA.W		2193	;	2133	213.3
	.DATA.W		2194	;	2134	213.4
	.DATA.W		2195	;	2135	213.5
	.DATA.W		2196	;	2136	213.6
	.DATA.W		2196	;	2137	213.7
	.DATA.W		2197	;	2138	213.8
	.DATA.W		2198	;	2139	213.9
	.DATA.W		2199	;	2140	214.0
	.DATA.W		2200	;	2141	214.1
	.DATA.W		2201	;	2142	214.2
	.DATA.W		2202	;	2143	214.3
	.DATA.W		2203	;	2144	214.4
	.DATA.W		2204	;	2145	214.5
	.DATA.W		2205	;	2146	214.6
	.DATA.W		2206	;	2147	214.7
	.DATA.W		2207	;	2148	214.8
	.DATA.W		2208	;	2149	214.9
	.DATA.W		2209	;	2150	215.0
	.DATA.W		2210	;	2151	215.1
	.DATA.W		2211	;	2152	215.2
	.DATA.W		2212	;	2153	215.3
	.DATA.W		2213	;	2154	215.4
	.DATA.W		2214	;	2155	215.5
	.DATA.W		2215	;	2156	215.6
	.DATA.W		2216	;	2157	215.7
	.DATA.W		2217	;	2158	215.8
	.DATA.W		2218	;	2159	215.9
	.DATA.W		2218	;	2160	216.0
	.DATA.W		2219	;	2161	216.1
	.DATA.W		2220	;	2162	216.2
	.DATA.W		2221	;	2163	216.3
	.DATA.W		2222	;	2164	216.4
	.DATA.W		2223	;	2165	216.5
	.DATA.W		2224	;	2166	216.6
	.DATA.W		2225	;	2167	216.7
	.DATA.W		2226	;	2168	216.8
	.DATA.W		2227	;	2169	216.9
	.DATA.W		2228	;	2170	217.0
	.DATA.W		2229	;	2171	217.1
	.DATA.W		2230	;	2172	217.2
	.DATA.W		2231	;	2173	217.3
	.DATA.W		2232	;	2174	217.4
	.DATA.W		2233	;	2175	217.5
	.DATA.W		2234	;	2176	217.6
	.DATA.W		2234	;	2177	217.7
	.DATA.W		2235	;	2178	217.8
	.DATA.W		2236	;	2179	217.9
	.DATA.W		2237	;	2180	218.0
	.DATA.W		2238	;	2181	218.1
	.DATA.W		2239	;	2182	218.2
	.DATA.W		2240	;	2183	218.3
	.DATA.W		2241	;	2184	218.4
	.DATA.W		2242	;	2185	218.5
	.DATA.W		2243	;	2186	218.6
	.DATA.W		2244	;	2187	218.7
	.DATA.W		2245	;	2188	218.8
	.DATA.W		2246	;	2189	218.9
	.DATA.W		2247	;	2190	219.0
	.DATA.W		2248	;	2191	219.1
	.DATA.W		2248	;	2192	219.2
	.DATA.W		2249	;	2193	219.3
	.DATA.W		2250	;	2194	219.4
	.DATA.W		2251	;	2195	219.5
	.DATA.W		2252	;	2196	219.6
	.DATA.W		2253	;	2197	219.7
	.DATA.W		2254	;	2198	219.8
	.DATA.W		2255	;	2199	219.9
	.DATA.W		2256	;	2200	220.0
	.DATA.W		2257	;	2201	220.1
	.DATA.W		2258	;	2202	220.2
	.DATA.W		2259	;	2203	220.3
	.DATA.W		2259	;	2204	220.4
	.DATA.W		2260	;	2205	220.5
	.DATA.W		2261	;	2206	220.6
	.DATA.W		2262	;	2207	220.7
	.DATA.W		2263	;	2208	220.8
	.DATA.W		2264	;	2209	220.9
	.DATA.W		2265	;	2210	221.0
	.DATA.W		2266	;	2211	221.1
	.DATA.W		2267	;	2212	221.2
	.DATA.W		2268	;	2213	221.3
	.DATA.W		2269	;	2214	221.4
	.DATA.W		2269	;	2215	221.5
	.DATA.W		2270	;	2216	221.6
	.DATA.W		2271	;	2217	221.7
	.DATA.W		2272	;	2218	221.8
	.DATA.W		2273	;	2219	221.9
	.DATA.W		2274	;	2220	222.0
	.DATA.W		2275	;	2221	222.1
	.DATA.W		2276	;	2222	222.2
	.DATA.W		2277	;	2223	222.3
	.DATA.W		2278	;	2224	222.4
	.DATA.W		2279	;	2225	222.5
	.DATA.W		2279	;	2226	222.6
	.DATA.W		2280	;	2227	222.7
	.DATA.W		2281	;	2228	222.8
	.DATA.W		2282	;	2229	222.9
	.DATA.W		2283	;	2230	223.0
	.DATA.W		2284	;	2231	223.1
	.DATA.W		2285	;	2232	223.2
	.DATA.W		2286	;	2233	223.3
	.DATA.W		2287	;	2234	223.4
	.DATA.W		2287	;	2235	223.5
	.DATA.W		2288	;	2236	223.6
	.DATA.W		2289	;	2237	223.7
	.DATA.W		2290	;	2238	223.8
	.DATA.W		2291	;	2239	223.9
	.DATA.W		2292	;	2240	224.0
	.DATA.W		2293	;	2241	224.1
	.DATA.W		2294	;	2242	224.2
	.DATA.W		2295	;	2243	224.3
	.DATA.W		2296	;	2244	224.4
	.DATA.W		2296	;	2245	224.5
	.DATA.W		2297	;	2246	224.6
	.DATA.W		2298	;	2247	224.7
	.DATA.W		2299	;	2248	224.8
	.DATA.W		2300	;	2249	224.9
	.DATA.W		2301	;	2250	225.0
	.DATA.W		2302	;	2251	225.1
	.DATA.W		2303	;	2252	225.2
	.DATA.W		2303	;	2253	225.3
	.DATA.W		2304	;	2254	225.4
	.DATA.W		2305	;	2255	225.5
	.DATA.W		2306	;	2256	225.6
	.DATA.W		2307	;	2257	225.7
	.DATA.W		2308	;	2258	225.8
	.DATA.W		2309	;	2259	225.9
	.DATA.W		2310	;	2260	226.0
	.DATA.W		2311	;	2261	226.1
	.DATA.W		2311	;	2262	226.2
	.DATA.W		2312	;	2263	226.3
	.DATA.W		2313	;	2264	226.4
	.DATA.W		2314	;	2265	226.5
	.DATA.W		2315	;	2266	226.6
	.DATA.W		2316	;	2267	226.7
	.DATA.W		2317	;	2268	226.8
	.DATA.W		2317	;	2269	226.9
	.DATA.W		2318	;	2270	227.0
	.DATA.W		2319	;	2271	227.1
	.DATA.W		2320	;	2272	227.2
	.DATA.W		2321	;	2273	227.3
	.DATA.W		2322	;	2274	227.4
	.DATA.W		2323	;	2275	227.5
	.DATA.W		2324	;	2276	227.6
	.DATA.W		2324	;	2277	227.7
	.DATA.W		2325	;	2278	227.8
	.DATA.W		2326	;	2279	227.9
	.DATA.W		2327	;	2280	228.0
	.DATA.W		2328	;	2281	228.1
	.DATA.W		2329	;	2282	228.2
	.DATA.W		2330	;	2283	228.3
	.DATA.W		2331	;	2284	228.4
	.DATA.W		2331	;	2285	228.5
	.DATA.W		2332	;	2286	228.6
	.DATA.W		2333	;	2287	228.7
	.DATA.W		2334	;	2288	228.8
	.DATA.W		2335	;	2289	228.9
	.DATA.W		2336	;	2290	229.0
	.DATA.W		2337	;	2291	229.1
	.DATA.W		2337	;	2292	229.2
	.DATA.W		2338	;	2293	229.3
	.DATA.W		2339	;	2294	229.4
	.DATA.W		2340	;	2295	229.5
	.DATA.W		2341	;	2296	229.6
	.DATA.W		2342	;	2297	229.7
	.DATA.W		2343	;	2298	229.8
	.DATA.W		2343	;	2299	229.9
	.DATA.W		2344	;	2300	230.0
	.DATA.W		2345	;	2301	230.1
	.DATA.W		2346	;	2302	230.2
	.DATA.W		2347	;	2303	230.3
	.DATA.W		2348	;	2304	230.4
	.DATA.W		2348	;	2305	230.5
	.DATA.W		2349	;	2306	230.6
	.DATA.W		2350	;	2307	230.7
	.DATA.W		2351	;	2308	230.8
	.DATA.W		2352	;	2309	230.9
	.DATA.W		2353	;	2310	231.0
	.DATA.W		2354	;	2311	231.1
	.DATA.W		2354	;	2312	231.2
	.DATA.W		2355	;	2313	231.3
	.DATA.W		2356	;	2314	231.4
	.DATA.W		2357	;	2315	231.5
	.DATA.W		2358	;	2316	231.6
	.DATA.W		2359	;	2317	231.7
	.DATA.W		2360	;	2318	231.8
	.DATA.W		2360	;	2319	231.9
	.DATA.W		2361	;	2320	232.0
	.DATA.W		2362	;	2321	232.1
	.DATA.W		2363	;	2322	232.2
	.DATA.W		2364	;	2323	232.3
	.DATA.W		2365	;	2324	232.4
	.DATA.W		2365	;	2325	232.5
	.DATA.W		2366	;	2326	232.6
	.DATA.W		2367	;	2327	232.7
	.DATA.W		2368	;	2328	232.8
	.DATA.W		2369	;	2329	232.9
	.DATA.W		2370	;	2330	233.0
	.DATA.W		2370	;	2331	233.1
	.DATA.W		2371	;	2332	233.2
	.DATA.W		2372	;	2333	233.3
	.DATA.W		2373	;	2334	233.4
	.DATA.W		2374	;	2335	233.5
	.DATA.W		2375	;	2336	233.6
	.DATA.W		2375	;	2337	233.7
	.DATA.W		2376	;	2338	233.8
	.DATA.W		2377	;	2339	233.9
	.DATA.W		2378	;	2340	234.0
	.DATA.W		2379	;	2341	234.1
	.DATA.W		2380	;	2342	234.2
	.DATA.W		2380	;	2343	234.3
	.DATA.W		2381	;	2344	234.4
	.DATA.W		2382	;	2345	234.5
	.DATA.W		2383	;	2346	234.6
	.DATA.W		2384	;	2347	234.7
	.DATA.W		2385	;	2348	234.8
	.DATA.W		2385	;	2349	234.9
	.DATA.W		2386	;	2350	235.0
	.DATA.W		2387	;	2351	235.1
	.DATA.W		2388	;	2352	235.2
	.DATA.W		2389	;	2353	235.3
	.DATA.W		2390	;	2354	235.4
	.DATA.W		2390	;	2355	235.5
	.DATA.W		2391	;	2356	235.6
	.DATA.W		2392	;	2357	235.7
	.DATA.W		2393	;	2358	235.8
	.DATA.W		2394	;	2359	235.9
	.DATA.W		2394	;	2360	236.0
	.DATA.W		2395	;	2361	236.1
	.DATA.W		2396	;	2362	236.2
	.DATA.W		2397	;	2363	236.3
	.DATA.W		2398	;	2364	236.4
	.DATA.W		2399	;	2365	236.5
	.DATA.W		2399	;	2366	236.6
	.DATA.W		2400	;	2367	236.7
	.DATA.W		2401	;	2368	236.8
	.DATA.W		2402	;	2369	236.9
	.DATA.W		2403	;	2370	237.0
	.DATA.W		2403	;	2371	237.1
	.DATA.W		2404	;	2372	237.2
	.DATA.W		2405	;	2373	237.3
	.DATA.W		2406	;	2374	237.4
	.DATA.W		2407	;	2375	237.5
	.DATA.W		2408	;	2376	237.6
	.DATA.W		2408	;	2377	237.7
	.DATA.W		2409	;	2378	237.8
	.DATA.W		2410	;	2379	237.9
	.DATA.W		2411	;	2380	238.0
	.DATA.W		2412	;	2381	238.1
	.DATA.W		2412	;	2382	238.2
	.DATA.W		2413	;	2383	238.3
	.DATA.W		2414	;	2384	238.4
	.DATA.W		2415	;	2385	238.5
	.DATA.W		2416	;	2386	238.6
	.DATA.W		2416	;	2387	238.7
	.DATA.W		2417	;	2388	238.8
	.DATA.W		2418	;	2389	238.9
	.DATA.W		2419	;	2390	239.0
	.DATA.W		2420	;	2391	239.1
	.DATA.W		2421	;	2392	239.2
	.DATA.W		2421	;	2393	239.3
	.DATA.W		2422	;	2394	239.4
	.DATA.W		2423	;	2395	239.5
	.DATA.W		2424	;	2396	239.6
	.DATA.W		2425	;	2397	239.7
	.DATA.W		2425	;	2398	239.8
	.DATA.W		2426	;	2399	239.9
	.DATA.W		2427	;	2400	240.0
	.DATA.W		2428	;	2401	240.1
	.DATA.W		2429	;	2402	240.2
	.DATA.W		2429	;	2403	240.3
	.DATA.W		2430	;	2404	240.4
	.DATA.W		2431	;	2405	240.5
	.DATA.W		2432	;	2406	240.6
	.DATA.W		2433	;	2407	240.7
	.DATA.W		2433	;	2408	240.8
	.DATA.W		2434	;	2409	240.9
	.DATA.W		2435	;	2410	241.0
	.DATA.W		2436	;	2411	241.1
	.DATA.W		2437	;	2412	241.2
	.DATA.W		2437	;	2413	241.3
	.DATA.W		2438	;	2414	241.4
	.DATA.W		2439	;	2415	241.5
	.DATA.W		2440	;	2416	241.6
	.DATA.W		2441	;	2417	241.7
	.DATA.W		2441	;	2418	241.8
	.DATA.W		2442	;	2419	241.9
	.DATA.W		2443	;	2420	242.0
	.DATA.W		2444	;	2421	242.1
	.DATA.W		2445	;	2422	242.2
	.DATA.W		2445	;	2423	242.3
	.DATA.W		2446	;	2424	242.4
	.DATA.W		2447	;	2425	242.5
	.DATA.W		2448	;	2426	242.6
	.DATA.W		2448	;	2427	242.7
	.DATA.W		2449	;	2428	242.8
	.DATA.W		2450	;	2429	242.9
	.DATA.W		2451	;	2430	243.0
	.DATA.W		2452	;	2431	243.1
	.DATA.W		2452	;	2432	243.2
	.DATA.W		2453	;	2433	243.3
	.DATA.W		2454	;	2434	243.4
	.DATA.W		2455	;	2435	243.5
	.DATA.W		2456	;	2436	243.6
	.DATA.W		2456	;	2437	243.7
	.DATA.W		2457	;	2438	243.8
	.DATA.W		2458	;	2439	243.9
	.DATA.W		2459	;	2440	244.0
	.DATA.W		2460	;	2441	244.1
	.DATA.W		2460	;	2442	244.2
	.DATA.W		2461	;	2443	244.3
	.DATA.W		2462	;	2444	244.4
	.DATA.W		2463	;	2445	244.5
	.DATA.W		2463	;	2446	244.6
	.DATA.W		2464	;	2447	244.7
	.DATA.W		2465	;	2448	244.8
	.DATA.W		2466	;	2449	244.9
	.DATA.W		2467	;	2450	245.0
	.DATA.W		2467	;	2451	245.1
	.DATA.W		2468	;	2452	245.2
	.DATA.W		2469	;	2453	245.3
	.DATA.W		2470	;	2454	245.4
	.DATA.W		2470	;	2455	245.5
	.DATA.W		2471	;	2456	245.6
	.DATA.W		2472	;	2457	245.7
	.DATA.W		2473	;	2458	245.8
	.DATA.W		2474	;	2459	245.9
	.DATA.W		2474	;	2460	246.0
	.DATA.W		2475	;	2461	246.1
	.DATA.W		2476	;	2462	246.2
	.DATA.W		2477	;	2463	246.3
	.DATA.W		2477	;	2464	246.4
	.DATA.W		2478	;	2465	246.5
	.DATA.W		2479	;	2466	246.6
	.DATA.W		2480	;	2467	246.7
	.DATA.W		2481	;	2468	246.8
	.DATA.W		2481	;	2469	246.9
	.DATA.W		2482	;	2470	247.0
	.DATA.W		2483	;	2471	247.1
	.DATA.W		2484	;	2472	247.2
	.DATA.W		2484	;	2473	247.3
	.DATA.W		2485	;	2474	247.4
	.DATA.W		2486	;	2475	247.5
	.DATA.W		2487	;	2476	247.6
	.DATA.W		2488	;	2477	247.7
	.DATA.W		2488	;	2478	247.8
	.DATA.W		2489	;	2479	247.9
	.DATA.W		2490	;	2480	248.0
	.DATA.W		2491	;	2481	248.1
	.DATA.W		2491	;	2482	248.2
	.DATA.W		2492	;	2483	248.3
	.DATA.W		2493	;	2484	248.4
	.DATA.W		2494	;	2485	248.5
	.DATA.W		2494	;	2486	248.6
	.DATA.W		2495	;	2487	248.7
	.DATA.W		2496	;	2488	248.8
	.DATA.W		2497	;	2489	248.9
	.DATA.W		2498	;	2490	249.0
	.DATA.W		2498	;	2491	249.1
	.DATA.W		2499	;	2492	249.2
	.DATA.W		2500	;	2493	249.3
	.DATA.W		2501	;	2494	249.4
	.DATA.W		2501	;	2495	249.5
	.DATA.W		2502	;	2496	249.6
	.DATA.W		2503	;	2497	249.7
	.DATA.W		2504	;	2498	249.8
	.DATA.W		2504	;	2499	249.9
	.DATA.W		2505	;	2500	250.0
	.DATA.W		2506	;	2501	250.1
	.DATA.W		2507	;	2502	250.2
	.DATA.W		2507	;	2503	250.3
	.DATA.W		2508	;	2504	250.4
	.DATA.W		2509	;	2505	250.5
	.DATA.W		2510	;	2506	250.6
	.DATA.W		2510	;	2507	250.7
	.DATA.W		2511	;	2508	250.8
	.DATA.W		2512	;	2509	250.9
	.DATA.W		2513	;	2510	251.0
	.DATA.W		2514	;	2511	251.1
	.DATA.W		2514	;	2512	251.2
	.DATA.W		2515	;	2513	251.3
	.DATA.W		2516	;	2514	251.4
	.DATA.W		2517	;	2515	251.5
	.DATA.W		2517	;	2516	251.6
	.DATA.W		2518	;	2517	251.7
	.DATA.W		2519	;	2518	251.8
	.DATA.W		2520	;	2519	251.9
	.DATA.W		2520	;	2520	252.0
	.DATA.W		2521	;	2521	252.1
	.DATA.W		2522	;	2522	252.2
	.DATA.W		2523	;	2523	252.3
	.DATA.W		2523	;	2524	252.4
	.DATA.W		2524	;	2525	252.5
	.DATA.W		2525	;	2526	252.6
	.DATA.W		2526	;	2527	252.7
	.DATA.W		2526	;	2528	252.8
	.DATA.W		2527	;	2529	252.9
	.DATA.W		2528	;	2530	253.0
	.DATA.W		2529	;	2531	253.1
	.DATA.W		2529	;	2532	253.2
	.DATA.W		2530	;	2533	253.3
	.DATA.W		2531	;	2534	253.4
	.DATA.W		2532	;	2535	253.5
	.DATA.W		2532	;	2536	253.6
	.DATA.W		2533	;	2537	253.7
	.DATA.W		2534	;	2538	253.8
	.DATA.W		2535	;	2539	253.9
	.DATA.W		2535	;	2540	254.0
	.DATA.W		2536	;	2541	254.1
	.DATA.W		2537	;	2542	254.2
	.DATA.W		2538	;	2543	254.3
	.DATA.W		2538	;	2544	254.4
	.DATA.W		2539	;	2545	254.5
	.DATA.W		2540	;	2546	254.6
	.DATA.W		2541	;	2547	254.7
	.DATA.W		2541	;	2548	254.8
	.DATA.W		2542	;	2549	254.9
	.DATA.W		2543	;	2550	255.0
	.DATA.W		2544	;	2551	255.1
	.DATA.W		2544	;	2552	255.2
	.DATA.W		2545	;	2553	255.3
	.DATA.W		2546	;	2554	255.4
	.DATA.W		2547	;	2555	255.5
	.DATA.W		2547	;	2556	255.6
	.DATA.W		2548	;	2557	255.7
	.DATA.W		2549	;	2558	255.8
	.DATA.W		2550	;	2559	255.9
	.DATA.W		2550	;	2560	256.0
	.DATA.W		2551	;	2561	256.1
	.DATA.W		2552	;	2562	256.2
	.DATA.W		2553	;	2563	256.3
	.DATA.W		2553	;	2564	256.4
	.DATA.W		2554	;	2565	256.5
	.DATA.W		2555	;	2566	256.6
	.DATA.W		2555	;	2567	256.7
	.DATA.W		2556	;	2568	256.8
	.DATA.W		2557	;	2569	256.9
	.DATA.W		2558	;	2570	257.0
	.DATA.W		2558	;	2571	257.1
	.DATA.W		2559	;	2572	257.2
	.DATA.W		2560	;	2573	257.3
	.DATA.W		2561	;	2574	257.4
	.DATA.W		2561	;	2575	257.5
	.DATA.W		2562	;	2576	257.6
	.DATA.W		2563	;	2577	257.7
	.DATA.W		2564	;	2578	257.8
	.DATA.W		2564	;	2579	257.9
	.DATA.W		2565	;	2580	258.0
	.DATA.W		2566	;	2581	258.1
	.DATA.W		2567	;	2582	258.2
	.DATA.W		2567	;	2583	258.3
	.DATA.W		2568	;	2584	258.4
	.DATA.W		2569	;	2585	258.5
	.DATA.W		2569	;	2586	258.6
	.DATA.W		2570	;	2587	258.7
	.DATA.W		2571	;	2588	258.8
	.DATA.W		2572	;	2589	258.9
	.DATA.W		2572	;	2590	259.0
	.DATA.W		2573	;	2591	259.1
	.DATA.W		2574	;	2592	259.2
	.DATA.W		2575	;	2593	259.3
	.DATA.W		2575	;	2594	259.4
	.DATA.W		2576	;	2595	259.5
	.DATA.W		2577	;	2596	259.6
	.DATA.W		2578	;	2597	259.7
	.DATA.W		2578	;	2598	259.8
	.DATA.W		2579	;	2599	259.9
	.DATA.W		2580	;	2600	260.0
	.DATA.W		2580	;	2601	260.1
	.DATA.W		2581	;	2602	260.2
	.DATA.W		2582	;	2603	260.3
	.DATA.W		2583	;	2604	260.4
	.DATA.W		2583	;	2605	260.5
	.DATA.W		2584	;	2606	260.6
	.DATA.W		2585	;	2607	260.7
	.DATA.W		2586	;	2608	260.8
	.DATA.W		2586	;	2609	260.9
	.DATA.W		2587	;	2610	261.0
	.DATA.W		2588	;	2611	261.1
	.DATA.W		2588	;	2612	261.2
	.DATA.W		2589	;	2613	261.3
	.DATA.W		2590	;	2614	261.4
	.DATA.W		2591	;	2615	261.5
	.DATA.W		2591	;	2616	261.6
	.DATA.W		2592	;	2617	261.7
	.DATA.W		2593	;	2618	261.8
	.DATA.W		2594	;	2619	261.9
	.DATA.W		2594	;	2620	262.0
	.DATA.W		2595	;	2621	262.1
	.DATA.W		2596	;	2622	262.2
	.DATA.W		2596	;	2623	262.3
	.DATA.W		2597	;	2624	262.4
	.DATA.W		2598	;	2625	262.5
	.DATA.W		2599	;	2626	262.6
	.DATA.W		2599	;	2627	262.7
	.DATA.W		2600	;	2628	262.8
	.DATA.W		2601	;	2629	262.9
	.DATA.W		2602	;	2630	263.0
	.DATA.W		2602	;	2631	263.1
	.DATA.W		2603	;	2632	263.2
	.DATA.W		2604	;	2633	263.3
	.DATA.W		2604	;	2634	263.4
	.DATA.W		2605	;	2635	263.5
	.DATA.W		2606	;	2636	263.6
	.DATA.W		2607	;	2637	263.7
	.DATA.W		2607	;	2638	263.8
	.DATA.W		2608	;	2639	263.9
	.DATA.W		2609	;	2640	264.0
	.DATA.W		2609	;	2641	264.1
	.DATA.W		2610	;	2642	264.2
	.DATA.W		2611	;	2643	264.3
	.DATA.W		2612	;	2644	264.4
	.DATA.W		2612	;	2645	264.5
	.DATA.W		2613	;	2646	264.6
	.DATA.W		2614	;	2647	264.7
	.DATA.W		2614	;	2648	264.8
	.DATA.W		2615	;	2649	264.9
	.DATA.W		2616	;	2650	265.0
	.DATA.W		2617	;	2651	265.1
	.DATA.W		2617	;	2652	265.2
	.DATA.W		2618	;	2653	265.3
	.DATA.W		2619	;	2654	265.4
	.DATA.W		2619	;	2655	265.5
	.DATA.W		2620	;	2656	265.6
	.DATA.W		2621	;	2657	265.7
	.DATA.W		2622	;	2658	265.8
	.DATA.W		2622	;	2659	265.9
	.DATA.W		2623	;	2660	266.0
	.DATA.W		2624	;	2661	266.1
	.DATA.W		2624	;	2662	266.2
	.DATA.W		2625	;	2663	266.3
	.DATA.W		2626	;	2664	266.4
	.DATA.W		2627	;	2665	266.5
	.DATA.W		2627	;	2666	266.6
	.DATA.W		2628	;	2667	266.7
	.DATA.W		2629	;	2668	266.8
	.DATA.W		2629	;	2669	266.9
	.DATA.W		2630	;	2670	267.0
	.DATA.W		2631	;	2671	267.1
	.DATA.W		2632	;	2672	267.2
	.DATA.W		2632	;	2673	267.3
	.DATA.W		2633	;	2674	267.4
	.DATA.W		2634	;	2675	267.5
	.DATA.W		2634	;	2676	267.6
	.DATA.W		2635	;	2677	267.7
	.DATA.W		2636	;	2678	267.8
	.DATA.W		2637	;	2679	267.9
	.DATA.W		2637	;	2680	268.0
	.DATA.W		2638	;	2681	268.1
	.DATA.W		2639	;	2682	268.2
	.DATA.W		2639	;	2683	268.3
	.DATA.W		2640	;	2684	268.4
	.DATA.W		2641	;	2685	268.5
	.DATA.W		2642	;	2686	268.6
	.DATA.W		2642	;	2687	268.7
	.DATA.W		2643	;	2688	268.8
	.DATA.W		2644	;	2689	268.9
	.DATA.W		2644	;	2690	269.0
	.DATA.W		2645	;	2691	269.1
	.DATA.W		2646	;	2692	269.2
	.DATA.W		2646	;	2693	269.3
	.DATA.W		2647	;	2694	269.4
	.DATA.W		2648	;	2695	269.5
	.DATA.W		2649	;	2696	269.6
	.DATA.W		2649	;	2697	269.7
	.DATA.W		2650	;	2698	269.8
	.DATA.W		2651	;	2699	269.9
	.DATA.W		2651	;	2700	270.0
	.DATA.W		2652	;	2701	270.1
	.DATA.W		2653	;	2702	270.2
	.DATA.W		2654	;	2703	270.3
	.DATA.W		2654	;	2704	270.4
	.DATA.W		2655	;	2705	270.5
	.DATA.W		2656	;	2706	270.6
	.DATA.W		2656	;	2707	270.7
	.DATA.W		2657	;	2708	270.8
	.DATA.W		2658	;	2709	270.9
	.DATA.W		2658	;	2710	271.0
	.DATA.W		2659	;	2711	271.1
	.DATA.W		2660	;	2712	271.2
	.DATA.W		2661	;	2713	271.3
	.DATA.W		2661	;	2714	271.4
	.DATA.W		2662	;	2715	271.5
	.DATA.W		2663	;	2716	271.6
	.DATA.W		2663	;	2717	271.7
	.DATA.W		2664	;	2718	271.8
	.DATA.W		2665	;	2719	271.9
	.DATA.W		2665	;	2720	272.0
	.DATA.W		2666	;	2721	272.1
	.DATA.W		2667	;	2722	272.2
	.DATA.W		2668	;	2723	272.3
	.DATA.W		2668	;	2724	272.4
	.DATA.W		2669	;	2725	272.5
	.DATA.W		2670	;	2726	272.6
	.DATA.W		2670	;	2727	272.7
	.DATA.W		2671	;	2728	272.8
	.DATA.W		2672	;	2729	272.9
	.DATA.W		2672	;	2730	273.0
	.DATA.W		2673	;	2731	273.1
	.DATA.W		2674	;	2732	273.2
	.DATA.W		2675	;	2733	273.3
	.DATA.W		2675	;	2734	273.4
	.DATA.W		2676	;	2735	273.5
	.DATA.W		2677	;	2736	273.6
	.DATA.W		2677	;	2737	273.7
	.DATA.W		2678	;	2738	273.8
	.DATA.W		2679	;	2739	273.9
	.DATA.W		2679	;	2740	274.0
	.DATA.W		2680	;	2741	274.1
	.DATA.W		2681	;	2742	274.2
	.DATA.W		2681	;	2743	274.3
	.DATA.W		2682	;	2744	274.4
	.DATA.W		2683	;	2745	274.5
	.DATA.W		2684	;	2746	274.6
	.DATA.W		2684	;	2747	274.7
	.DATA.W		2685	;	2748	274.8
	.DATA.W		2686	;	2749	274.9
	.DATA.W		2686	;	2750	275.0
	.DATA.W		2687	;	2751	275.1
	.DATA.W		2688	;	2752	275.2
	.DATA.W		2688	;	2753	275.3
	.DATA.W		2689	;	2754	275.4
	.DATA.W		2690	;	2755	275.5
	.DATA.W		2691	;	2756	275.6
	.DATA.W		2691	;	2757	275.7
	.DATA.W		2692	;	2758	275.8
	.DATA.W		2693	;	2759	275.9
	.DATA.W		2693	;	2760	276.0
	.DATA.W		2694	;	2761	276.1
	.DATA.W		2695	;	2762	276.2
	.DATA.W		2695	;	2763	276.3
	.DATA.W		2696	;	2764	276.4
	.DATA.W		2697	;	2765	276.5
	.DATA.W		2697	;	2766	276.6
	.DATA.W		2698	;	2767	276.7
	.DATA.W		2699	;	2768	276.8
	.DATA.W		2699	;	2769	276.9
	.DATA.W		2700	;	2770	277.0
	.DATA.W		2701	;	2771	277.1
	.DATA.W		2702	;	2772	277.2
	.DATA.W		2702	;	2773	277.3
	.DATA.W		2703	;	2774	277.4
	.DATA.W		2704	;	2775	277.5
	.DATA.W		2704	;	2776	277.6
	.DATA.W		2705	;	2777	277.7
	.DATA.W		2706	;	2778	277.8
	.DATA.W		2706	;	2779	277.9
	.DATA.W		2707	;	2780	278.0
	.DATA.W		2708	;	2781	278.1
	.DATA.W		2708	;	2782	278.2
	.DATA.W		2709	;	2783	278.3
	.DATA.W		2710	;	2784	278.4
	.DATA.W		2711	;	2785	278.5
	.DATA.W		2711	;	2786	278.6
	.DATA.W		2712	;	2787	278.7
	.DATA.W		2713	;	2788	278.8
	.DATA.W		2713	;	2789	278.9
	.DATA.W		2714	;	2790	279.0
	.DATA.W		2715	;	2791	279.1
	.DATA.W		2715	;	2792	279.2
	.DATA.W		2716	;	2793	279.3
	.DATA.W		2717	;	2794	279.4
	.DATA.W		2717	;	2795	279.5
	.DATA.W		2718	;	2796	279.6
	.DATA.W		2719	;	2797	279.7
	.DATA.W		2719	;	2798	279.8
	.DATA.W		2720	;	2799	279.9
	.DATA.W		2721	;	2800	280.0
	.DATA.W		2721	;	2801	280.1
	.DATA.W		2722	;	2802	280.2
	.DATA.W		2723	;	2803	280.3
	.DATA.W		2724	;	2804	280.4
	.DATA.W		2724	;	2805	280.5
	.DATA.W		2725	;	2806	280.6
	.DATA.W		2726	;	2807	280.7
	.DATA.W		2726	;	2808	280.8
	.DATA.W		2727	;	2809	280.9
	.DATA.W		2728	;	2810	281.0
	.DATA.W		2728	;	2811	281.1
	.DATA.W		2729	;	2812	281.2
	.DATA.W		2730	;	2813	281.3
	.DATA.W		2730	;	2814	281.4
	.DATA.W		2731	;	2815	281.5
	.DATA.W		2732	;	2816	281.6
	.DATA.W		2732	;	2817	281.7
	.DATA.W		2733	;	2818	281.8
	.DATA.W		2734	;	2819	281.9
	.DATA.W		2734	;	2820	282.0
	.DATA.W		2735	;	2821	282.1
	.DATA.W		2736	;	2822	282.2
	.DATA.W		2736	;	2823	282.3
	.DATA.W		2737	;	2824	282.4
	.DATA.W		2738	;	2825	282.5
	.DATA.W		2739	;	2826	282.6
	.DATA.W		2739	;	2827	282.7
	.DATA.W		2740	;	2828	282.8
	.DATA.W		2741	;	2829	282.9
	.DATA.W		2741	;	2830	283.0
	.DATA.W		2742	;	2831	283.1
	.DATA.W		2743	;	2832	283.2
	.DATA.W		2743	;	2833	283.3
	.DATA.W		2744	;	2834	283.4
	.DATA.W		2745	;	2835	283.5
	.DATA.W		2745	;	2836	283.6
	.DATA.W		2746	;	2837	283.7
	.DATA.W		2747	;	2838	283.8
	.DATA.W		2747	;	2839	283.9
	.DATA.W		2748	;	2840	284.0
	.DATA.W		2749	;	2841	284.1
	.DATA.W		2749	;	2842	284.2
	.DATA.W		2750	;	2843	284.3
	.DATA.W		2751	;	2844	284.4
	.DATA.W		2751	;	2845	284.5
	.DATA.W		2752	;	2846	284.6
	.DATA.W		2753	;	2847	284.7
	.DATA.W		2753	;	2848	284.8
	.DATA.W		2754	;	2849	284.9
	.DATA.W		2755	;	2850	285.0
	.DATA.W		2755	;	2851	285.1
	.DATA.W		2756	;	2852	285.2
	.DATA.W		2757	;	2853	285.3
	.DATA.W		2758	;	2854	285.4
	.DATA.W		2758	;	2855	285.5
	.DATA.W		2759	;	2856	285.6
	.DATA.W		2760	;	2857	285.7
	.DATA.W		2760	;	2858	285.8
	.DATA.W		2761	;	2859	285.9
	.DATA.W		2762	;	2860	286.0
	.DATA.W		2762	;	2861	286.1
	.DATA.W		2763	;	2862	286.2
	.DATA.W		2764	;	2863	286.3
	.DATA.W		2764	;	2864	286.4
	.DATA.W		2765	;	2865	286.5
	.DATA.W		2766	;	2866	286.6
	.DATA.W		2766	;	2867	286.7
	.DATA.W		2767	;	2868	286.8
	.DATA.W		2768	;	2869	286.9
	.DATA.W		2768	;	2870	287.0
	.DATA.W		2769	;	2871	287.1
	.DATA.W		2770	;	2872	287.2
	.DATA.W		2770	;	2873	287.3
	.DATA.W		2771	;	2874	287.4
	.DATA.W		2772	;	2875	287.5
	.DATA.W		2772	;	2876	287.6
	.DATA.W		2773	;	2877	287.7
	.DATA.W		2774	;	2878	287.8
	.DATA.W		2774	;	2879	287.9
	.DATA.W		2775	;	2880	288.0
	.DATA.W		2776	;	2881	288.1
	.DATA.W		2776	;	2882	288.2
	.DATA.W		2777	;	2883	288.3
	.DATA.W		2778	;	2884	288.4
	.DATA.W		2778	;	2885	288.5
	.DATA.W		2779	;	2886	288.6
	.DATA.W		2780	;	2887	288.7
	.DATA.W		2780	;	2888	288.8
	.DATA.W		2781	;	2889	288.9
	.DATA.W		2782	;	2890	289.0
	.DATA.W		2782	;	2891	289.1
	.DATA.W		2783	;	2892	289.2
	.DATA.W		2784	;	2893	289.3
	.DATA.W		2784	;	2894	289.4
	.DATA.W		2785	;	2895	289.5
	.DATA.W		2786	;	2896	289.6
	.DATA.W		2786	;	2897	289.7
	.DATA.W		2787	;	2898	289.8
	.DATA.W		2788	;	2899	289.9
	.DATA.W		2788	;	2900	290.0
	.DATA.W		2789	;	2901	290.1
	.DATA.W		2790	;	2902	290.2
	.DATA.W		2790	;	2903	290.3
	.DATA.W		2791	;	2904	290.4
	.DATA.W		2792	;	2905	290.5
	.DATA.W		2792	;	2906	290.6
	.DATA.W		2793	;	2907	290.7
	.DATA.W		2794	;	2908	290.8
	.DATA.W		2794	;	2909	290.9
	.DATA.W		2795	;	2910	291.0
	.DATA.W		2796	;	2911	291.1
	.DATA.W		2796	;	2912	291.2
	.DATA.W		2797	;	2913	291.3
	.DATA.W		2798	;	2914	291.4
	.DATA.W		2798	;	2915	291.5
	.DATA.W		2799	;	2916	291.6
	.DATA.W		2800	;	2917	291.7
	.DATA.W		2800	;	2918	291.8
	.DATA.W		2801	;	2919	291.9
	.DATA.W		2802	;	2920	292.0
	.DATA.W		2802	;	2921	292.1
	.DATA.W		2803	;	2922	292.2
	.DATA.W		2804	;	2923	292.3
	.DATA.W		2804	;	2924	292.4
	.DATA.W		2805	;	2925	292.5
	.DATA.W		2806	;	2926	292.6
	.DATA.W		2806	;	2927	292.7
	.DATA.W		2807	;	2928	292.8
	.DATA.W		2808	;	2929	292.9
	.DATA.W		2808	;	2930	293.0
	.DATA.W		2809	;	2931	293.1
	.DATA.W		2810	;	2932	293.2
	.DATA.W		2810	;	2933	293.3
	.DATA.W		2811	;	2934	293.4
	.DATA.W		2812	;	2935	293.5
	.DATA.W		2812	;	2936	293.6
	.DATA.W		2813	;	2937	293.7
	.DATA.W		2814	;	2938	293.8
	.DATA.W		2814	;	2939	293.9
	.DATA.W		2815	;	2940	294.0
	.DATA.W		2816	;	2941	294.1
	.DATA.W		2816	;	2942	294.2
	.DATA.W		2817	;	2943	294.3
	.DATA.W		2818	;	2944	294.4
	.DATA.W		2818	;	2945	294.5
	.DATA.W		2819	;	2946	294.6
	.DATA.W		2820	;	2947	294.7
	.DATA.W		2820	;	2948	294.8
	.DATA.W		2821	;	2949	294.9
	.DATA.W		2822	;	2950	295.0
	.DATA.W		2822	;	2951	295.1
	.DATA.W		2823	;	2952	295.2
	.DATA.W		2824	;	2953	295.3
	.DATA.W		2824	;	2954	295.4
	.DATA.W		2825	;	2955	295.5
	.DATA.W		2826	;	2956	295.6
	.DATA.W		2826	;	2957	295.7
	.DATA.W		2827	;	2958	295.8
	.DATA.W		2828	;	2959	295.9
	.DATA.W		2828	;	2960	296.0
	.DATA.W		2829	;	2961	296.1
	.DATA.W		2830	;	2962	296.2
	.DATA.W		2830	;	2963	296.3
	.DATA.W		2831	;	2964	296.4
	.DATA.W		2832	;	2965	296.5
	.DATA.W		2832	;	2966	296.6
	.DATA.W		2833	;	2967	296.7
	.DATA.W		2834	;	2968	296.8
	.DATA.W		2834	;	2969	296.9
	.DATA.W		2835	;	2970	297.0
	.DATA.W		2836	;	2971	297.1
	.DATA.W		2836	;	2972	297.2
	.DATA.W		2837	;	2973	297.3
	.DATA.W		2838	;	2974	297.4
	.DATA.W		2838	;	2975	297.5
	.DATA.W		2839	;	2976	297.6
	.DATA.W		2840	;	2977	297.7
	.DATA.W		2840	;	2978	297.8
	.DATA.W		2841	;	2979	297.9
	.DATA.W		2842	;	2980	298.0
	.DATA.W		2842	;	2981	298.1
	.DATA.W		2843	;	2982	298.2
	.DATA.W		2844	;	2983	298.3
	.DATA.W		2844	;	2984	298.4
	.DATA.W		2845	;	2985	298.5
	.DATA.W		2846	;	2986	298.6
	.DATA.W		2846	;	2987	298.7
	.DATA.W		2847	;	2988	298.8
	.DATA.W		2847	;	2989	298.9
	.DATA.W		2848	;	2990	299.0
	.DATA.W		2849	;	2991	299.1
	.DATA.W		2849	;	2992	299.2
	.DATA.W		2850	;	2993	299.3
	.DATA.W		2851	;	2994	299.4
	.DATA.W		2851	;	2995	299.5
	.DATA.W		2852	;	2996	299.6
	.DATA.W		2853	;	2997	299.7
	.DATA.W		2853	;	2998	299.8
	.DATA.W		2854	;	2999	299.9
	.DATA.W		2855	;	3000	300.0
	.DATA.W		2855	;	3001	300.1
	.DATA.W		2856	;	3002	300.2
	.DATA.W		2857	;	3003	300.3
	.DATA.W		2857	;	3004	300.4
	.DATA.W		2858	;	3005	300.5
	.DATA.W		2859	;	3006	300.6
	.DATA.W		2859	;	3007	300.7
	.DATA.W		2860	;	3008	300.8
	.DATA.W		2861	;	3009	300.9
	.DATA.W		2861	;	3010	301.0
	.DATA.W		2862	;	3011	301.1
	.DATA.W		2863	;	3012	301.2
	.DATA.W		2863	;	3013	301.3
	.DATA.W		2864	;	3014	301.4
	.DATA.W		2865	;	3015	301.5
	.DATA.W		2865	;	3016	301.6
	.DATA.W		2866	;	3017	301.7
	.DATA.W		2867	;	3018	301.8
	.DATA.W		2867	;	3019	301.9
	.DATA.W		2868	;	3020	302.0
	.DATA.W		2869	;	3021	302.1
	.DATA.W		2869	;	3022	302.2
	.DATA.W		2870	;	3023	302.3
	.DATA.W		2871	;	3024	302.4
	.DATA.W		2871	;	3025	302.5
	.DATA.W		2872	;	3026	302.6
	.DATA.W		2872	;	3027	302.7
	.DATA.W		2873	;	3028	302.8
	.DATA.W		2874	;	3029	302.9
	.DATA.W		2874	;	3030	303.0
	.DATA.W		2875	;	3031	303.1
	.DATA.W		2876	;	3032	303.2
	.DATA.W		2876	;	3033	303.3
	.DATA.W		2877	;	3034	303.4
	.DATA.W		2878	;	3035	303.5
	.DATA.W		2878	;	3036	303.6
	.DATA.W		2879	;	3037	303.7
	.DATA.W		2880	;	3038	303.8
	.DATA.W		2880	;	3039	303.9
	.DATA.W		2881	;	3040	304.0
	.DATA.W		2882	;	3041	304.1
	.DATA.W		2882	;	3042	304.2
	.DATA.W		2883	;	3043	304.3
	.DATA.W		2884	;	3044	304.4
	.DATA.W		2884	;	3045	304.5
	.DATA.W		2885	;	3046	304.6
	.DATA.W		2886	;	3047	304.7
	.DATA.W		2886	;	3048	304.8
	.DATA.W		2887	;	3049	304.9
	.DATA.W		2888	;	3050	305.0
	.DATA.W		2888	;	3051	305.1
	.DATA.W		2889	;	3052	305.2
	.DATA.W		2889	;	3053	305.3
	.DATA.W		2890	;	3054	305.4
	.DATA.W		2891	;	3055	305.5
	.DATA.W		2891	;	3056	305.6
	.DATA.W		2892	;	3057	305.7
	.DATA.W		2893	;	3058	305.8
	.DATA.W		2893	;	3059	305.9
	.DATA.W		2894	;	3060	306.0
	.DATA.W		2895	;	3061	306.1
	.DATA.W		2895	;	3062	306.2
	.DATA.W		2896	;	3063	306.3
	.DATA.W		2897	;	3064	306.4
	.DATA.W		2897	;	3065	306.5
	.DATA.W		2898	;	3066	306.6
	.DATA.W		2899	;	3067	306.7
	.DATA.W		2899	;	3068	306.8
	.DATA.W		2900	;	3069	306.9
	.DATA.W		2901	;	3070	307.0
	.DATA.W		2901	;	3071	307.1
	.DATA.W		2902	;	3072	307.2
	.DATA.W		2903	;	3073	307.3
	.DATA.W		2903	;	3074	307.4
	.DATA.W		2904	;	3075	307.5
	.DATA.W		2905	;	3076	307.6
	.DATA.W		2905	;	3077	307.7
	.DATA.W		2906	;	3078	307.8
	.DATA.W		2906	;	3079	307.9
	.DATA.W		2907	;	3080	308.0
	.DATA.W		2908	;	3081	308.1
	.DATA.W		2908	;	3082	308.2
	.DATA.W		2909	;	3083	308.3
	.DATA.W		2910	;	3084	308.4
	.DATA.W		2910	;	3085	308.5
	.DATA.W		2911	;	3086	308.6
	.DATA.W		2912	;	3087	308.7
	.DATA.W		2912	;	3088	308.8
	.DATA.W		2913	;	3089	308.9
	.DATA.W		2914	;	3090	309.0
	.DATA.W		2914	;	3091	309.1
	.DATA.W		2915	;	3092	309.2
	.DATA.W		2916	;	3093	309.3
	.DATA.W		2916	;	3094	309.4
	.DATA.W		2917	;	3095	309.5
	.DATA.W		2918	;	3096	309.6
	.DATA.W		2918	;	3097	309.7
	.DATA.W		2919	;	3098	309.8
	.DATA.W		2920	;	3099	309.9
	.DATA.W		2920	;	3100	310.0
	.DATA.W		2921	;	3101	310.1
	.DATA.W		2921	;	3102	310.2
	.DATA.W		2922	;	3103	310.3
	.DATA.W		2923	;	3104	310.4
	.DATA.W		2923	;	3105	310.5
	.DATA.W		2924	;	3106	310.6
	.DATA.W		2925	;	3107	310.7
	.DATA.W		2925	;	3108	310.8
	.DATA.W		2926	;	3109	310.9
	.DATA.W		2927	;	3110	311.0
	.DATA.W		2927	;	3111	311.1
	.DATA.W		2928	;	3112	311.2
	.DATA.W		2929	;	3113	311.3
	.DATA.W		2929	;	3114	311.4
	.DATA.W		2930	;	3115	311.5
	.DATA.W		2931	;	3116	311.6
	.DATA.W		2931	;	3117	311.7
	.DATA.W		2932	;	3118	311.8
	.DATA.W		2933	;	3119	311.9
	.DATA.W		2933	;	3120	312.0
	.DATA.W		2934	;	3121	312.1
	.DATA.W		2934	;	3122	312.2
	.DATA.W		2935	;	3123	312.3
	.DATA.W		2936	;	3124	312.4
	.DATA.W		2936	;	3125	312.5
	.DATA.W		2937	;	3126	312.6
	.DATA.W		2938	;	3127	312.7
	.DATA.W		2938	;	3128	312.8
	.DATA.W		2939	;	3129	312.9
	.DATA.W		2940	;	3130	313.0
	.DATA.W		2940	;	3131	313.1
	.DATA.W		2941	;	3132	313.2
	.DATA.W		2942	;	3133	313.3
	.DATA.W		2942	;	3134	313.4
	.DATA.W		2943	;	3135	313.5
	.DATA.W		2944	;	3136	313.6
	.DATA.W		2944	;	3137	313.7
	.DATA.W		2945	;	3138	313.8
	.DATA.W		2946	;	3139	313.9
	.DATA.W		2946	;	3140	314.0
	.DATA.W		2947	;	3141	314.1
	.DATA.W		2947	;	3142	314.2
	.DATA.W		2948	;	3143	314.3
	.DATA.W		2949	;	3144	314.4
	.DATA.W		2949	;	3145	314.5
	.DATA.W		2950	;	3146	314.6
	.DATA.W		2951	;	3147	314.7
	.DATA.W		2951	;	3148	314.8
	.DATA.W		2952	;	3149	314.9
	.DATA.W		2953	;	3150	315.0
	.DATA.W		2953	;	3151	315.1
	.DATA.W		2954	;	3152	315.2
	.DATA.W		2955	;	3153	315.3
	.DATA.W		2955	;	3154	315.4
	.DATA.W		2956	;	3155	315.5
	.DATA.W		2957	;	3156	315.6
	.DATA.W		2957	;	3157	315.7
	.DATA.W		2958	;	3158	315.8
	.DATA.W		2958	;	3159	315.9
	.DATA.W		2959	;	3160	316.0
	.DATA.W		2960	;	3161	316.1
	.DATA.W		2960	;	3162	316.2
	.DATA.W		2961	;	3163	316.3
	.DATA.W		2962	;	3164	316.4
	.DATA.W		2962	;	3165	316.5
	.DATA.W		2963	;	3166	316.6
	.DATA.W		2964	;	3167	316.7
	.DATA.W		2964	;	3168	316.8
	.DATA.W		2965	;	3169	316.9
	.DATA.W		2966	;	3170	317.0
	.DATA.W		2966	;	3171	317.1
	.DATA.W		2967	;	3172	317.2
	.DATA.W		2968	;	3173	317.3
	.DATA.W		2968	;	3174	317.4
	.DATA.W		2969	;	3175	317.5
	.DATA.W		2970	;	3176	317.6
	.DATA.W		2970	;	3177	317.7
	.DATA.W		2971	;	3178	317.8
	.DATA.W		2971	;	3179	317.9
	.DATA.W		2972	;	3180	318.0
	.DATA.W		2973	;	3181	318.1
	.DATA.W		2973	;	3182	318.2
	.DATA.W		2974	;	3183	318.3
	.DATA.W		2975	;	3184	318.4
	.DATA.W		2975	;	3185	318.5
	.DATA.W		2976	;	3186	318.6
	.DATA.W		2977	;	3187	318.7
	.DATA.W		2977	;	3188	318.8
	.DATA.W		2978	;	3189	318.9
	.DATA.W		2979	;	3190	319.0
	.DATA.W		2979	;	3191	319.1
	.DATA.W		2980	;	3192	319.2
	.DATA.W		2981	;	3193	319.3
	.DATA.W		2981	;	3194	319.4
	.DATA.W		2982	;	3195	319.5
	.DATA.W		2982	;	3196	319.6
	.DATA.W		2983	;	3197	319.7
	.DATA.W		2984	;	3198	319.8
	.DATA.W		2984	;	3199	319.9
	.DATA.W		2985	;	3200	320.0
	.DATA.W		2986	;	3201	320.1
	.DATA.W		2986	;	3202	320.2
	.DATA.W		2987	;	3203	320.3
	.DATA.W		2988	;	3204	320.4
	.DATA.W		2988	;	3205	320.5
	.DATA.W		2989	;	3206	320.6
	.DATA.W		2990	;	3207	320.7
	.DATA.W		2990	;	3208	320.8
	.DATA.W		2991	;	3209	320.9
	.DATA.W		2992	;	3210	321.0
	.DATA.W		2992	;	3211	321.1
	.DATA.W		2993	;	3212	321.2
	.DATA.W		2993	;	3213	321.3
	.DATA.W		2994	;	3214	321.4
	.DATA.W		2995	;	3215	321.5
	.DATA.W		2995	;	3216	321.6
	.DATA.W		2996	;	3217	321.7
	.DATA.W		2997	;	3218	321.8
	.DATA.W		2997	;	3219	321.9
	.DATA.W		2998	;	3220	322.0
	.DATA.W		2999	;	3221	322.1
	.DATA.W		2999	;	3222	322.2
	.DATA.W		3000	;	3223	322.3
	.DATA.W		3001	;	3224	322.4
	.DATA.W		3001	;	3225	322.5
	.DATA.W		3002	;	3226	322.6
	.DATA.W		3003	;	3227	322.7
	.DATA.W		3003	;	3228	322.8
	.DATA.W		3004	;	3229	322.9
	.DATA.W		3004	;	3230	323.0
	.DATA.W		3005	;	3231	323.1
	.DATA.W		3006	;	3232	323.2
	.DATA.W		3006	;	3233	323.3
	.DATA.W		3007	;	3234	323.4
	.DATA.W		3008	;	3235	323.5
	.DATA.W		3008	;	3236	323.6
	.DATA.W		3009	;	3237	323.7
	.DATA.W		3010	;	3238	323.8
	.DATA.W		3010	;	3239	323.9
	.DATA.W		3011	;	3240	324.0
	.DATA.W		3012	;	3241	324.1
	.DATA.W		3012	;	3242	324.2
	.DATA.W		3013	;	3243	324.3
	.DATA.W		3014	;	3244	324.4
	.DATA.W		3014	;	3245	324.5
	.DATA.W		3015	;	3246	324.6
	.DATA.W		3015	;	3247	324.7
	.DATA.W		3016	;	3248	324.8
	.DATA.W		3017	;	3249	324.9
	.DATA.W		3017	;	3250	325.0
	.DATA.W		3018	;	3251	325.1
	.DATA.W		3019	;	3252	325.2
	.DATA.W		3019	;	3253	325.3
	.DATA.W		3020	;	3254	325.4
	.DATA.W		3021	;	3255	325.5
	.DATA.W		3021	;	3256	325.6
	.DATA.W		3022	;	3257	325.7
	.DATA.W		3023	;	3258	325.8
	.DATA.W		3023	;	3259	325.9
	.DATA.W		3024	;	3260	326.0
	.DATA.W		3025	;	3261	326.1
	.DATA.W		3025	;	3262	326.2
	.DATA.W		3026	;	3263	326.3
	.DATA.W		3026	;	3264	326.4
	.DATA.W		3027	;	3265	326.5
	.DATA.W		3028	;	3266	326.6
	.DATA.W		3028	;	3267	326.7
	.DATA.W		3029	;	3268	326.8
	.DATA.W		3030	;	3269	326.9
	.DATA.W		3030	;	3270	327.0
	.DATA.W		3031	;	3271	327.1
	.DATA.W		3032	;	3272	327.2
	.DATA.W		3032	;	3273	327.3
	.DATA.W		3033	;	3274	327.4
	.DATA.W		3034	;	3275	327.5
	.DATA.W		3034	;	3276	327.6
	.DATA.W		3035	;	3277	327.7
	.DATA.W		3036	;	3278	327.8
	.DATA.W		3036	;	3279	327.9
	.DATA.W		3037	;	3280	328.0
	.DATA.W		3037	;	3281	328.1
	.DATA.W		3038	;	3282	328.2
	.DATA.W		3039	;	3283	328.3
	.DATA.W		3039	;	3284	328.4
	.DATA.W		3040	;	3285	328.5
	.DATA.W		3041	;	3286	328.6
	.DATA.W		3041	;	3287	328.7
	.DATA.W		3042	;	3288	328.8
	.DATA.W		3043	;	3289	328.9
	.DATA.W		3043	;	3290	329.0
	.DATA.W		3044	;	3291	329.1
	.DATA.W		3045	;	3292	329.2
	.DATA.W		3045	;	3293	329.3
	.DATA.W		3046	;	3294	329.4
	.DATA.W		3047	;	3295	329.5
	.DATA.W		3047	;	3296	329.6
	.DATA.W		3048	;	3297	329.7
	.DATA.W		3048	;	3298	329.8
	.DATA.W		3049	;	3299	329.9
	.DATA.W		3050	;	3300	330.0
	.DATA.W		3050	;	3301	330.1
	.DATA.W		3051	;	3302	330.2
	.DATA.W		3052	;	3303	330.3
	.DATA.W		3052	;	3304	330.4
	.DATA.W		3053	;	3305	330.5
	.DATA.W		3054	;	3306	330.6
	.DATA.W		3054	;	3307	330.7
	.DATA.W		3055	;	3308	330.8
	.DATA.W		3056	;	3309	330.9
	.DATA.W		3056	;	3310	331.0
	.DATA.W		3057	;	3311	331.1
	.DATA.W		3058	;	3312	331.2
	.DATA.W		3058	;	3313	331.3
	.DATA.W		3059	;	3314	331.4
	.DATA.W		3059	;	3315	331.5
	.DATA.W		3060	;	3316	331.6
	.DATA.W		3061	;	3317	331.7
	.DATA.W		3061	;	3318	331.8
	.DATA.W		3062	;	3319	331.9
	.DATA.W		3063	;	3320	332.0
	.DATA.W		3063	;	3321	332.1
	.DATA.W		3064	;	3322	332.2
	.DATA.W		3065	;	3323	332.3
	.DATA.W		3065	;	3324	332.4
	.DATA.W		3066	;	3325	332.5
	.DATA.W		3067	;	3326	332.6
	.DATA.W		3067	;	3327	332.7
	.DATA.W		3068	;	3328	332.8
	.DATA.W		3069	;	3329	332.9
	.DATA.W		3069	;	3330	333.0
	.DATA.W		3070	;	3331	333.1
	.DATA.W		3070	;	3332	333.2
	.DATA.W		3071	;	3333	333.3
	.DATA.W		3072	;	3334	333.4
	.DATA.W		3072	;	3335	333.5
	.DATA.W		3073	;	3336	333.6
	.DATA.W		3074	;	3337	333.7
	.DATA.W		3074	;	3338	333.8
	.DATA.W		3075	;	3339	333.9
	.DATA.W		3076	;	3340	334.0
	.DATA.W		3076	;	3341	334.1
	.DATA.W		3077	;	3342	334.2
	.DATA.W		3078	;	3343	334.3
	.DATA.W		3078	;	3344	334.4
	.DATA.W		3079	;	3345	334.5
	.DATA.W		3080	;	3346	334.6
	.DATA.W		3080	;	3347	334.7
	.DATA.W		3081	;	3348	334.8
	.DATA.W		3081	;	3349	334.9
	.DATA.W		3082	;	3350	335.0
	.DATA.W		3083	;	3351	335.1
	.DATA.W		3083	;	3352	335.2
	.DATA.W		3084	;	3353	335.3
	.DATA.W		3085	;	3354	335.4
	.DATA.W		3085	;	3355	335.5
	.DATA.W		3086	;	3356	335.6
	.DATA.W		3087	;	3357	335.7
	.DATA.W		3087	;	3358	335.8
	.DATA.W		3088	;	3359	335.9
	.DATA.W		3089	;	3360	336.0
	.DATA.W		3089	;	3361	336.1
	.DATA.W		3090	;	3362	336.2
	.DATA.W		3091	;	3363	336.3
	.DATA.W		3091	;	3364	336.4
	.DATA.W		3092	;	3365	336.5
	.DATA.W		3093	;	3366	336.6
	.DATA.W		3093	;	3367	336.7
	.DATA.W		3094	;	3368	336.8
	.DATA.W		3094	;	3369	336.9
	.DATA.W		3095	;	3370	337.0
	.DATA.W		3096	;	3371	337.1
	.DATA.W		3096	;	3372	337.2
	.DATA.W		3097	;	3373	337.3
	.DATA.W		3098	;	3374	337.4
	.DATA.W		3098	;	3375	337.5
	.DATA.W		3099	;	3376	337.6
	.DATA.W		3100	;	3377	337.7
	.DATA.W		3100	;	3378	337.8
	.DATA.W		3101	;	3379	337.9
	.DATA.W		3102	;	3380	338.0
	.DATA.W		3102	;	3381	338.1
	.DATA.W		3103	;	3382	338.2
	.DATA.W		3104	;	3383	338.3
	.DATA.W		3104	;	3384	338.4
	.DATA.W		3105	;	3385	338.5
	.DATA.W		3106	;	3386	338.6
	.DATA.W		3106	;	3387	338.7
	.DATA.W		3107	;	3388	338.8
	.DATA.W		3107	;	3389	338.9
	.DATA.W		3108	;	3390	339.0
	.DATA.W		3109	;	3391	339.1
	.DATA.W		3109	;	3392	339.2
	.DATA.W		3110	;	3393	339.3
	.DATA.W		3111	;	3394	339.4
	.DATA.W		3111	;	3395	339.5
	.DATA.W		3112	;	3396	339.6
	.DATA.W		3113	;	3397	339.7
	.DATA.W		3113	;	3398	339.8
	.DATA.W		3114	;	3399	339.9
	.DATA.W		3115	;	3400	340.0
	.DATA.W		3115	;	3401	340.1
	.DATA.W		3116	;	3402	340.2
	.DATA.W		3117	;	3403	340.3
	.DATA.W		3117	;	3404	340.4
	.DATA.W		3118	;	3405	340.5
	.DATA.W		3119	;	3406	340.6
	.DATA.W		3119	;	3407	340.7
	.DATA.W		3120	;	3408	340.8
	.DATA.W		3120	;	3409	340.9
	.DATA.W		3121	;	3410	341.0
	.DATA.W		3122	;	3411	341.1
	.DATA.W		3122	;	3412	341.2
	.DATA.W		3123	;	3413	341.3
	.DATA.W		3124	;	3414	341.4
	.DATA.W		3124	;	3415	341.5
	.DATA.W		3125	;	3416	341.6
	.DATA.W		3126	;	3417	341.7
	.DATA.W		3126	;	3418	341.8
	.DATA.W		3127	;	3419	341.9
	.DATA.W		3128	;	3420	342.0
	.DATA.W		3129	;	3421	342.1
	.DATA.W		3129	;	3422	342.2
	.DATA.W		3130	;	3423	342.3
	.DATA.W		3130	;	3424	342.4
	.DATA.W		3131	;	3425	342.5
	.DATA.W		3132	;	3426	342.6
	.DATA.W		3132	;	3427	342.7
	.DATA.W		3133	;	3428	342.8
	.DATA.W		3133	;	3429	342.9
	.DATA.W		3134	;	3430	343.0
	.DATA.W		3135	;	3431	343.1
	.DATA.W		3135	;	3432	343.2
	.DATA.W		3136	;	3433	343.3
	.DATA.W		3137	;	3434	343.4
	.DATA.W		3137	;	3435	343.5
	.DATA.W		3138	;	3436	343.6
	.DATA.W		3139	;	3437	343.7
	.DATA.W		3139	;	3438	343.8
	.DATA.W		3140	;	3439	343.9
	.DATA.W		3141	;	3440	344.0
	.DATA.W		3141	;	3441	344.1
	.DATA.W		3142	;	3442	344.2
	.DATA.W		3143	;	3443	344.3
	.DATA.W		3143	;	3444	344.4
	.DATA.W		3144	;	3445	344.5
	.DATA.W		3145	;	3446	344.6
	.DATA.W		3145	;	3447	344.7
	.DATA.W		3146	;	3448	344.8
	.DATA.W		3147	;	3449	344.9
	.DATA.W		3147	;	3450	345.0
	.DATA.W		3148	;	3451	345.1
	.DATA.W		3148	;	3452	345.2
	.DATA.W		3149	;	3453	345.3
	.DATA.W		3150	;	3454	345.4
	.DATA.W		3150	;	3455	345.5
	.DATA.W		3151	;	3456	345.6
	.DATA.W		3152	;	3457	345.7
	.DATA.W		3152	;	3458	345.8
	.DATA.W		3153	;	3459	345.9
	.DATA.W		3154	;	3460	346.0
	.DATA.W		3154	;	3461	346.1
	.DATA.W		3155	;	3462	346.2
	.DATA.W		3156	;	3463	346.3
	.DATA.W		3156	;	3464	346.4
	.DATA.W		3157	;	3465	346.5
	.DATA.W		3158	;	3466	346.6
	.DATA.W		3158	;	3467	346.7
	.DATA.W		3159	;	3468	346.8
	.DATA.W		3160	;	3469	346.9
	.DATA.W		3160	;	3470	347.0
	.DATA.W		3161	;	3471	347.1
	.DATA.W		3162	;	3472	347.2
	.DATA.W		3162	;	3473	347.3
	.DATA.W		3163	;	3474	347.4
	.DATA.W		3164	;	3475	347.5
	.DATA.W		3164	;	3476	347.6
	.DATA.W		3165	;	3477	347.7
	.DATA.W		3165	;	3478	347.8
	.DATA.W		3166	;	3479	347.9
	.DATA.W		3167	;	3480	348.0
	.DATA.W		3167	;	3481	348.1
	.DATA.W		3168	;	3482	348.2
	.DATA.W		3169	;	3483	348.3
	.DATA.W		3169	;	3484	348.4
	.DATA.W		3170	;	3485	348.5
	.DATA.W		3171	;	3486	348.6
	.DATA.W		3171	;	3487	348.7
	.DATA.W		3172	;	3488	348.8
	.DATA.W		3173	;	3489	348.9
	.DATA.W		3173	;	3490	349.0
	.DATA.W		3174	;	3491	349.1
	.DATA.W		3175	;	3492	349.2
	.DATA.W		3175	;	3493	349.3
	.DATA.W		3176	;	3494	349.4
	.DATA.W		3177	;	3495	349.5
	.DATA.W		3177	;	3496	349.6
	.DATA.W		3178	;	3497	349.7
	.DATA.W		3179	;	3498	349.8
	.DATA.W		3179	;	3499	349.9
	.DATA.W		3180	;	3500	350.0
	.DATA.W		3181	;	3501	350.1
	.DATA.W		3181	;	3502	350.2
	.DATA.W		3182	;	3503	350.3
	.DATA.W		3183	;	3504	350.4
	.DATA.W		3183	;	3505	350.5
	.DATA.W		3184	;	3506	350.6
	.DATA.W		3185	;	3507	350.7
	.DATA.W		3185	;	3508	350.8
	.DATA.W		3186	;	3509	350.9
	.DATA.W		3186	;	3510	351.0
	.DATA.W		3187	;	3511	351.1
	.DATA.W		3188	;	3512	351.2
	.DATA.W		3188	;	3513	351.3
	.DATA.W		3189	;	3514	351.4
	.DATA.W		3190	;	3515	351.5
	.DATA.W		3190	;	3516	351.6
	.DATA.W		3191	;	3517	351.7
	.DATA.W		3192	;	3518	351.8
	.DATA.W		3192	;	3519	351.9
	.DATA.W		3193	;	3520	352.0
	.DATA.W		3194	;	3521	352.1
	.DATA.W		3194	;	3522	352.2
	.DATA.W		3195	;	3523	352.3
	.DATA.W		3196	;	3524	352.4
	.DATA.W		3196	;	3525	352.5
	.DATA.W		3197	;	3526	352.6
	.DATA.W		3198	;	3527	352.7
	.DATA.W		3198	;	3528	352.8
	.DATA.W		3199	;	3529	352.9
	.DATA.W		3200	;	3530	353.0
	.DATA.W		3200	;	3531	353.1
	.DATA.W		3201	;	3532	353.2
	.DATA.W		3202	;	3533	353.3
	.DATA.W		3202	;	3534	353.4
	.DATA.W		3203	;	3535	353.5
	.DATA.W		3204	;	3536	353.6
	.DATA.W		3204	;	3537	353.7
	.DATA.W		3205	;	3538	353.8
	.DATA.W		3206	;	3539	353.9
	.DATA.W		3206	;	3540	354.0
	.DATA.W		3207	;	3541	354.1
	.DATA.W		3208	;	3542	354.2
	.DATA.W		3208	;	3543	354.3
	.DATA.W		3209	;	3544	354.4
	.DATA.W		3210	;	3545	354.5
	.DATA.W		3210	;	3546	354.6
	.DATA.W		3211	;	3547	354.7
	.DATA.W		3212	;	3548	354.8
	.DATA.W		3212	;	3549	354.9
	.DATA.W		3213	;	3550	355.0
	.DATA.W		3214	;	3551	355.1
	.DATA.W		3214	;	3552	355.2
	.DATA.W		3215	;	3553	355.3
	.DATA.W		3215	;	3554	355.4
	.DATA.W		3216	;	3555	355.5
	.DATA.W		3217	;	3556	355.6
	.DATA.W		3217	;	3557	355.7
	.DATA.W		3218	;	3558	355.8
	.DATA.W		3219	;	3559	355.9
	.DATA.W		3219	;	3560	356.0
	.DATA.W		3220	;	3561	356.1
	.DATA.W		3221	;	3562	356.2
	.DATA.W		3221	;	3563	356.3
	.DATA.W		3222	;	3564	356.4
	.DATA.W		3223	;	3565	356.5
	.DATA.W		3223	;	3566	356.6
	.DATA.W		3224	;	3567	356.7
	.DATA.W		3225	;	3568	356.8
	.DATA.W		3225	;	3569	356.9
	.DATA.W		3226	;	3570	357.0
	.DATA.W		3227	;	3571	357.1
	.DATA.W		3227	;	3572	357.2
	.DATA.W		3228	;	3573	357.3
	.DATA.W		3229	;	3574	357.4
	.DATA.W		3229	;	3575	357.5
	.DATA.W		3230	;	3576	357.6
	.DATA.W		3231	;	3577	357.7
	.DATA.W		3231	;	3578	357.8
	.DATA.W		3232	;	3579	357.9
	.DATA.W		3233	;	3580	358.0
	.DATA.W		3233	;	3581	358.1
	.DATA.W		3234	;	3582	358.2
	.DATA.W		3235	;	3583	358.3
	.DATA.W		3235	;	3584	358.4
	.DATA.W		3236	;	3585	358.5
	.DATA.W		3237	;	3586	358.6
	.DATA.W		3237	;	3587	358.7
	.DATA.W		3238	;	3588	358.8
	.DATA.W		3239	;	3589	358.9
	.DATA.W		3239	;	3590	359.0
	.DATA.W		3240	;	3591	359.1
	.DATA.W		3241	;	3592	359.2
	.DATA.W		3241	;	3593	359.3
	.DATA.W		3242	;	3594	359.4
	.DATA.W		3243	;	3595	359.5
	.DATA.W		3243	;	3596	359.6
	.DATA.W		3244	;	3597	359.7
	.DATA.W		3245	;	3598	359.8
	.DATA.W		3245	;	3599	359.9
	.DATA.W		3246	;	0	0.0
